chr1	10373748	10376888	450.9
chr1	1569135	1570145	169.1
chr1	17676539	17677336	86.2
chr1	1976002	1978367	523.3
chr1	3375008	3376463	335.6
chr1	3682252	3683570	197.2
chr1	4242941	4246766	520
chr1	5672925	5674705	335
chr1	6129807	6137346	1018.1
chr1	7234025	7236225	413.6
chr1	7243334	7245197	387.8
chr10	10541943	10556350	495.8
chr10	15064636	15068875	484
chr10	22058338	22059265	138.5
chr10	3450621	3452158	316.57
chr10	3924629	3942685	817.9
chr10	462194	466921	869.5
chr10	5176246	5180591	1223.3
chr10	5688975	5690859	320.3
chr10	8585223	8586017	299.4
chr11	6480429	6481747	291.7
chr11	9423354	9423578	62
chr12	14230641	14248068	576.1
chr12	21294702	21312629	1004.5
chr12	24239828	24257215	1280
chr12	2958920	2965469	451.6
chr12	418517	419361	141
chr12	8944817	8946988	657.4
chr13	11421052	11421348	74.8
chr13	13876912	13877680	40.3
chr13	1467759	1469610	503.6
chr13	15096796	15108195	604.5
chr13	26741561	26748332	401.5
chr13	28676975	28692167	314.8
chr13	3291303	3294242	559.7
chr13	3437768	3441578	578.1
chr13	4854295	4856338	164.6
chr13	5660312	5672812	728.4
chr13	7581271	7586117	707.8
chr13	8260177	8263291	151.9
chr14	10737776	10744819	212.6
chr14	1437935	1440492	359.5
chr14	1592436	1597789	936.9
chr14	17399689	17407497	634.6
chr14	19884010	19884874	211.8
chr14	19911505	19912369	217.5
chr14	23294888	23298866	315
chr14	23494563	23498611	667.7
chr14	23789702	23792464	82
chr14	24545127	24555246	638.2
chr14	25707424	25712909	590.6
chr14	26427271	26434122	497
chr14	26437301	26444663	833.54
chr14	27438592	27443362	378.5
chr14	30028204	30028944	215.6
chr14	3216884	3217675	219.6
chr14	4739890	4743399	920.3
chr14	700153	708155	486.8
chr15	11181154	11185137	372.5
chr15	12982061	12988627	397
chr15	14992324	14994786	194
chr15	15868756	15876937	581.9
chr15	17585751	17587018	165.3
chr15	18650951	18652997	175.4
chr15	5447221	5450614	640.4
chr15	6886557	6888254	318.1
chr15	7874192	7876506	367.2
chr16	14701398	14723754	391.9
chr16	17655777	17659436	726.2
chr16	19135824	19141374	628.4
chr17	11006236	11009566	524.5
chr17	14539956	14540567	199.5
chr17	16531379	16535827	474.6
chr17	2899525	2902235	481.9
chr17	3480466	3481047	126.5
chr18	1236016	1237253	301.7
chr18	13476351	13478016	260.6
chr18	18330205	18334030	553.9
chr18	19318778	19322008	535
chr18	21413306	21420882	551
chr18	21797594	21800767	539.3
chr18	22285180	22295476	467
chr18	28722962	28724536	536.4
chr18	31158741	31160448	290.6
chr18	31541410	31542536	140
chr18	33653926	33660893	304.24
chr18	5484651	5485966	117.4
chr18	6771105	6775451	657.3
chr18	6930104	6934848	407.1
chr18	908579	914314	1176.8
chr18	9424918	9427155	410.6
chr19	1106354	1108633	180.9
chr19	12824253	12824871	164.1
chr19	18335503	18337104	308.9
chr19	3110463	3131440	568.5
chr19	8116646	8120794	261.3
chr2	1707837	1708910	92.5
chr2	2300741	2302654	429.6
chr2	3683375	3688726	324.3
chr2	4924515	4929443	752.9
chr2	7434980	7451839	1421.3
chr2	7989969	7993606	645.2
chr2	969502	974552	1138.4
chr3	2943762	2947645	408.5
chr3	5017319	5017988	176.1
chr3	7537255	7559675	634
chr4	16003282	16006512	287.9
chr4	21189888	21192769	295.6
chr4	23985919	23987496	444.9
chr4	5107009	5117011	885.1
chr4	6429028	6430173	336
chr4	6555342	6566505	522.7
chr4	833252	838703	278.7
chr4	8725019	8726365	374.3
chr5	24351300	24353798	122.6
chr5	24394190	24411070	688.6
chr5	3518752	3526159	465.8
chr5	3803473	3809616	1155.3
chr5	4831024	4846762	964.8
chr5	491373	498571	826.7
chr5	6654009	6655465	387.4
chr5	9621781	9626202	437
chr6	11763851	11765369	83.9
chr6	17182794	17184807	508.8
chr6	18020106	18023114	876
chr6	20745873	20762241	576.3
chr6	21411378	21437620	1274.6
chr6	21545549	21548063	373.7
chr6	3038616	3045843	672.5
chr6	4158868	4159575	261.2
chr6	4265143	4267313	396
chr6	507101	508870	334.9
chr6	5157405	5163206	735.1
chr6	7983825	7988366	945
chr6	7929228	7931650	346.5
chr6	8706677	8737904	631
chr6	8917984	8924445	887.8
chr7	1079104	1083962	765.1
chr7	10210936	10217127	565.6
chr7	19615415	19617877	159.6
chr7	2042623	2051255	439.3
chr7	23232903	23239379	532.2
chr7	23936978	23940228	271.9
chr7	24208184	24213568	412
chr7	26063120	26081222	758.1
chr7	3875436	3880836	552
chr7	6524733	6526310	510.8
chr8	1047799	1059413	383.8
chr8	12574549	12575899	213
chr8	12743760	12758294	1119.8
chr8	12880115	12891358	1639.8
chr8	13306975	13308129	258.9
chr8	14792857	14795082	677.4
chr8	14886751	14889170	555.1
chr8	1578382	1580990	182.1
chr8	15473071	15474415	336
chr8	16587048	16588400	338.1
chr8	16556964	16558310	344.7
chr8	16860674	16864549	750.5
chr8	17099181	17102590	535.9
chr8	17405350	17415282	372
chr8	17571695	17575666	658
chr8	19067013	19074434	637.7
chr8	20265353	20265643	69.6
chr8	20339198	20340611	323.5
chr8	21495609	21500512	747.8
chr8	22063090	22076101	1082.6
chr8	2339966	2340518	82.4
chr8	2693356	2693826	158
chr8	7312706	7315643	514.9
chr9	277636	278781	206.2
chr9	20944050	20947643	289.9
chr9	21641265	21646433	463
chr9	22273869	22274078	61.7
chr9	3017053	3020128	755.8
chr9	8530067	8530804	178.94
chr9	8759913	8761365	188.3
chr9	9424608	9434541	609.8
chrUkn	10013001	10015918	309.9
chrUkn	12910685	12915360	458
chrUkn	22159518	22163496	454.3
chrUkn	22772897	22775431	622.9
chr1	988979	993742	327.4
chr1	10019166	10031136	1261.8
chr1	10273279	10273865	49.2
chr1	10568813	10576190	314.9
chr1	10639017	10643271	700.2
chr1	10676954	10682757	856.5
chr1	10770606	10776805	528.3
chr1	10811099	10813158	425.8
chr1	1107609	1110108	631.2
chr1	1098376	1103787	545.1
chr1	1144053	1147763	274.6
chr1	11802334	11803681	223.8
chr1	11916069	11921643	309.8
chr1	12789954	12792524	156.7
chr1	12801450	12803269	462.8
chr1	12834879	12836294	298.9
chr1	1529714	1536847	786
chr1	18093140	18095315	374.2
chr1	18123335	18127585	724.9
chr1	18363614	18363954	64.8
chr1	18405477	18410063	472.5
chr1	19213708	19217620	548.2
chr1	19500823	19502850	105.7
chr1	19626531	19639182	2170.2
chr1	249290	257819	985.1
chr1	2041831	2062422	1049.6
chr1	20429390	20432614	177.2
chr1	20436601	20439259	210
chr1	20761305	20765506	963.8
chr1	21138644	21146205	476
chr1	21849299	21856508	455.3
chr1	21899597	21903216	258.6
chr1	21910442	21930485	986.9
chr1	22208532	22209988	130.6
chr1	22436840	22437930	192.2
chr1	22630563	22647854	553.7
chr1	2342760	2344750	93.1
chr1	23477236	23483902	1391.6
chr1	23610523	23613228	670.9
chr1	23652529	23654975	547.1
chr1	23881583	23883676	324.4
chr1	2424497	2425095	112.5
chr1	2525832	2527948	331.8
chr1	2559581	2563381	390.3
chr1	312220	317576	478.6
chr1	3061294	3065581	671.7
chr1	2992379	2996607	575.2
chr1	3076865	3080508	668.1
chr1	3675492	3677283	421.8
chr1	3838391	3843271	247.9
chr1	464306	474277	684.3
chr1	4078687	4083711	614.3
chr1	4138288	4147729	689.4
chr1	4329969	4332021	415.9
chr1	5102884	5104173	221.1
chr1	5283902	5288599	596.27
chr1	5295138	5301159	573.7
chr1	5408257	5412467	523.4
chr1	5599506	5600749	188.6
chr1	648815	654432	894.4
chr1	6034283	6035639	213.6
chr1	6274395	6276525	408.8
chr1	6440799	6443364	494.9
chr1	6582800	6583370	112.4
chr1	6925459	6929045	683.5
chr1	769874	775080	1128
chr1	7005429	7007375	574.5
chr1	7383027	7386678	647.3
chr1	7437441	7439086	213
chr1	7502080	7505720	649.1
chr1	7656493	7660880	473.9
chr1	7699029	7702615	697
chr1	797553	800104	217
chr1	8139334	8144782	551.8
chr1	9168586	9173784	836.8
chr1	9199433	9203319	676.7
chr1	9476207	9478898	570.1
chr1	9633795	9635609	163.8
chr1	9903832	9904684	101.1
chr1	9918072	9923487	641.9
chr1	10340368	10355491	1441.5
chr1	11117642	11134830	678.5
chr1	11222044	11235161	964.6
chr1	11617615	11622118	250.2
chr1	11697840	11700139	419.3
chr1	11716663	11725476	361.8
chr1	12150626	12159899	402.3
chr1	1623156	1631277	867
chr1	1653671	1663082	625.9
chr1	16897373	16917081	1271.5
chr1	1767739	1770430	239
chr1	17814643	17815124	97.2
chr1	18411689	18413352	104.2
chr1	1931611	1958627	951.1
chr1	19684358	19715801	269.4
chr1	19864372	19865108	136.5
chr1	268275	268975	111.3
chr1	2082725	2083952	150
chr1	20727380	20728060	119.9
chr1	20919117	20926097	474.9
chr1	23866564	23869786	757.3
chr1	23889944	23898928	1121
chr1	2618647	2632784	462.7
chr1	2651326	2655530	614.6
chr1	2785887	2789467	555.8
chr1	2967516	2980069	620.7
chr1	2886708	2897857	218.1
chr1	3147289	3149521	404.3
chr1	3217502	3218077	96.3
chr1	3898484	3907559	735.6
chr1	4016285	4021268	444.6
chr1	4215964	4216544	74.7
chr1	506830	513230	372
chr1	5367616	5369229	475.8
chr1	5486632	5493139	410.7
chr1	6727670	6732589	816.9
chr1	6831140	6843047	708.1
chr1	6955260	6957683	471.2
chr1	731557	735763	325.7
chr1	697863	707708	773.4
chr1	7022717	7030194	683.6
chr1	7257794	7266884	653.5
chr1	7324255	7327360	682.6
chr1	7782372	7802737	1547.2
chr1	8498527	8500207	77.2
chr1	8644300	8646582	582.1
chr1	930219	945273	689.5
chr1	971654	973057	284.9
chr1	9315772	9326568	798.2
chr1	9510592	9513179	501.6
chr1	9636094	9636966	160.2
chr1	9816976	9831250	652.34
chr1	9799640	9816774	525.6
chr1	9870559	9874057	420.7
chr10	10122887	10131175	410.6
chr10	10649930	10656965	825
chr10	1119829	1125471	558.6
chr10	1132808	1133940	342.5
chr10	1098246	1102380	858.7
chr10	11099274	11101833	504.5
chr10	11324761	11331141	189.3
chr10	12028653	12036613	1006.8
chr10	12664114	12667383	572.7
chr10	1376995	1383800	654.3
chr10	15104561	15107405	215.6
chr10	15695119	15709511	934.5
chr10	17639575	17641742	469.7
chr10	1884713	1886014	261.6
chr10	19565932	19569314	465.9
chr10	19721007	19722942	423.4
chr10	19893270	19899770	283.44
chr10	2030057	2033848	395.4
chr10	20689204	20698875	723.6
chr10	2235089	2238649	370.6
chr10	22114236	22115488	206.8
chr10	22187558	22189480	274.4
chr10	22282566	22283648	115
chr10	23053856	23060741	404.9
chr10	23249252	23253059	514
chr10	2536146	2537360	207.84
chr10	3084422	3085740	206.7
chr10	3087223	3109817	1360.17
chr10	3284556	3285169	114.4
chr10	3255536	3255963	65.4
chr10	3867519	3868916	388.9
chr10	4194446	4208444	370.1
chr10	4727115	4733793	1051.2
chr10	4955950	4958231	508.8
chr10	5006722	5013411	707.8
chr10	5036408	5039841	356.7
chr10	5312725	5317202	900.3
chr10	5364188	5366505	388.3
chr10	5595465	5599957	858.7
chr10	5628825	5636893	273.4
chr10	6126764	6130873	423.8
chr10	6769293	6771550	494.6
chr10	7115012	7115455	31.6
chr10	7397955	7399335	334.4
chr10	7495917	7503662	592.4
chr10	7508843	7510212	130.44
chr10	866253	871414	661.9
chr10	876673	879579	444.6
chr10	879893	883605	809.1
chr10	8344446	8360281	528.5
chr10	1067206	1068446	154.4
chr10	10386500	10396887	493.1
chr10	10408194	10426369	1132.9
chr10	10909217	10911744	278.7
chr10	1265188	1272675	394.1
chr10	1440133	1443221	467.97
chr10	16645099	16652114	113.8
chr10	20483483	20493331	262.3
chr10	21721605	21722508	233
chr10	2192112	2195573	523.1
chr10	22510358	22520309	538.1
chr10	22922133	22938889	373.9
chr10	3368726	3371378	282.3
chr10	3775781	3781566	773.2
chr10	4230735	4232595	176.8
chr10	4210150	4212136	298.9
chr10	4262951	4272885	1032.1
chr10	5018646	5019560	149.3
chr10	5704329	5709733	307
chr10	6481539	6484237	318
chr10	6425731	6436277	441.4
chr10	6829817	6832071	375.8
chr10	7183273	7186445	216.5
chr10	7934484	7935479	136.3
chr10	8937363	8942435	179.3
chr10	8958743	8962359	515.6
chr10	9891227	9895738	464.9
chr11	10723840	10725424	170.2
chr11	1122922	1129889	806.6
chr11	11296084	11304889	845.7
chr11	1192146	1205053	330.4
chr11	12689500	12697071	579.8
chr11	1315751	1316830	61.1
chr11	1400231	1402454	269.3
chr11	1425015	1427877	683.6
chr11	1703081	1704880	399.1
chr11	17042353	17042976	109.6
chr11	17235109	17236768	151.4
chr11	17330509	17338068	622.7
chr11	17475548	17477620	156
chr11	17540299	17544656	394.4
chr11	17839132	17846344	431.6
chr11	18185257	18186351	116.7
chr11	18433326	18437150	334.4
chr11	19116589	19120346	673.5
chr11	2005653	2006314	104.8
chr11	2093897	2100415	582.6
chr11	2146893	2151387	496.7
chr11	2434567	2437662	363.5
chr11	2567927	2573656	469.8
chr11	2756067	2760783	726.8
chr11	2760699	2763416	588.8
chr11	3082082	3082619	117
chr11	3140668	3143421	258
chr11	3333438	3336871	333
chr11	3591138	3596513	367.9
chr11	3794895	3797731	254.8
chr11	384589	393570	990.2
chr11	443172	447414	352.8
chr11	4116777	4119764	448.1
chr11	4421167	4423882	233.2
chr11	4625270	4626699	320.4
chr11	4705333	4707836	700
chr11	4831871	4836537	534.8
chr11	4929157	4930720	389.64
chr11	545958	547883	293.4
chr11	5284464	5288083	1001.3
chr11	5526217	5528914	288.6
chr11	5578542	5579388	164.1
chr11	6560210	6562766	602.2
chr11	760656	762355	188.7
chr11	7113902	7118770	836.8
chr11	7547736	7554261	570.3
chr11	7946683	7947470	152.3
chr11	804860	806257	238.1
chr11	8284443	8286363	324.3
chr11	8488476	8491920	570.2
chr11	893091	906662	627.9
chr11	939068	945520	919.3
chr11	8983292	8997334	485.2
chr11	9627486	9629525	165.9
chr11	9721472	9724273	348
chr11	1002466	1027027	1025.9
chr11	1242262	1244966	223.5
chr11	11999106	12000239	70.5
chr11	12453546	12482098	919.5
chr11	12572016	12579115	839.1
chr11	1530200	1542916	352.7
chr11	1519030	1526402	612.1
chr11	16045597	16047765	353.1
chr11	1679764	1694777	270.8
chr11	1695156	1701124	909
chr11	1712829	1719910	336.6
chr11	18217843	18226196	355
chr11	18646146	18651270	441.5
chr11	19288828	19289903	229.9
chr11	19307532	19311966	269.4
chr11	19350730	19361166	196.5
chr11	19601844	19606451	460.6
chr11	2016549	2022591	460.3
chr11	2257627	2277741	1045.4
chr11	2391714	2407177	472.6
chr11	2786616	2801545	1327.6
chr11	2964346	2967868	206.5
chr11	372951	384100	1881.5
chr11	3153562	3161924	1029.3
chr11	3129862	3136199	589.6
chr11	3236312	3243857	884.3
chr11	3504310	3506430	286.9
chr11	408831	412170	445.2
chr11	4015962	4017290	306.3
chr11	4090031	4092072	46.2
chr11	4311298	4313198	189.5
chr11	547222	552478	282.4
chr11	556045	557189	100.5
chr11	5145297	5170015	732.9
chr11	5206574	5208641	255.4
chr11	5267523	5284572	432.3
chr11	5534835	5545934	247.2
chr11	656116	656959	155.8
chr11	6647771	6651085	319.6
chr11	771853	772841	177
chr11	7496075	7502424	416.4
chr11	7966956	7989027	889.8
chr11	8976036	8976880	127.3
chr11	9318414	9320005	423.4
chr11	9458658	9471377	427.5
chr12	11091708	11096313	277
chr12	11103834	11107011	171.7
chr12	12109442	12113225	170
chr12	13869495	13873034	427.5
chr12	14268908	14269524	133.7
chr12	15049980	15051213	112.7
chr12	1637810	1644243	527.3
chr12	1739681	1742835	551.1
chr12	1746522	1750029	666.24
chr12	17329122	17329681	76.7
chr12	1914327	1915877	341
chr12	1950327	1955260	334.2
chr12	19000613	19001626	132
chr12	19097730	19103023	544
chr12	19667527	19669952	384.4
chr12	19715804	19718153	378.9
chr12	19757490	19764514	337.2
chr12	20041526	20053390	1273.6
chr12	20072677	20090597	528.7
chr12	20902313	20903397	106.6
chr12	21422361	21427184	773.5
chr12	21967064	21970132	144.5
chr12	22118229	22119478	154.8
chr12	22396895	22399141	246.3
chr12	22557567	22564147	219.8
chr12	22795884	22796994	273.4
chr12	22952499	22953940	193.9
chr12	23336377	23336991	129.3
chr12	23543504	23559173	772.3
chr12	23896922	23899028	393.4
chr12	23950418	23955298	217.3
chr12	23993412	23999591	987.7
chr12	24226505	24236298	600.1
chr12	2540865	2542391	361.8
chr12	2679120	2680773	120.6
chr12	3113700	3115503	122.1
chr12	3118000	3120437	230.9
chr12	3124267	3130221	524.9
chr12	3509536	3511094	360.5
chr12	3613363	3614914	365
chr12	3657437	3658720	285.97
chr12	3879335	3882685	539.4
chr12	4271484	4276803	559.2
chr12	4403723	4405753	438.1
chr12	4752700	4757425	342.9
chr12	508604	510449	363.9
chr12	5073942	5075450	220.6
chr12	5161219	5169976	603.2
chr12	5106236	5109293	406.5
chr12	5370790	5375318	537.1
chr12	5305960	5310993	579.5
chr12	5678348	5681184	668
chr12	5957131	5961716	616.6
chr12	6009138	6014232	705.7
chr12	5998560	6007069	411.8
chr12	6169975	6173456	599.9
chr12	6519738	6524293	578.8
chr12	6528781	6531282	236.9
chr12	6572689	6578102	349.7
chr12	6578830	6585352	479.7
chr12	6643766	6645048	382.7
chr12	705792	707818	407
chr12	765612	771975	266.8
chr12	7056441	7062794	1004.3
chr12	7522865	7526397	666.9
chr12	8194787	8195986	240.9
chr12	8486998	8504482	919.9
chr12	8554685	8557635	386.6
chr12	8637954	8640332	625.9
chr12	8696568	8698620	279.2
chr12	9372552	9374478	533.7
chr12	9610949	9615427	480.9
chr12	9644007	9648517	472.9
chr12	9684353	9686838	484.2
chr12	9725616	9728867	282.1
chr12	1081414	1093205	544.1
chr12	12154756	12155795	195.1
chr12	12391432	12392258	96.2
chr12	1305757	1308042	133.9
chr12	13226653	13228788	563.5
chr12	14959960	14960937	186
chr12	15035642	15036161	125.9
chr12	18355335	18382755	337.6
chr12	18909408	18911874	97.9
chr12	19291252	19294864	583.3
chr12	2066165	2071764	374
chr12	20003160	20004676	60.2
chr12	20560431	20560911	44.1
chr12	20854081	20855771	399.4
chr12	21340616	21343970	122.4
chr12	21364348	21369047	697.9
chr12	21736153	21753206	93.3
chr12	21984008	21991278	609.94
chr12	22342824	22355262	806.8
chr12	22587305	22594654	488.5
chr12	22937833	22939567	315.9
chr12	2385462	2386660	129.3
chr12	23424079	23427002	283.7
chr12	23925128	23927530	218.4
chr12	23964563	23972716	639.2
chr12	2515980	2519775	580.5
chr12	2513781	2515941	100.8
chr12	2593115	2595808	190.37
chr12	2794561	2804244	521.8
chr12	3342172	3343905	266.9
chr12	3753265	3765859	473
chr12	4104130	4105274	304.1
chr12	4282139	4298783	410.9
chr12	544122	545765	121
chr12	519329	525812	405.4
chr12	5810239	5814527	372.2
chr12	5842305	5842836	74.2
chr12	6105053	6111364	254.4
chr12	6115196	6119583	480
chr12	6356716	6366153	898.2
chr12	6614333	6620498	284.7
chr12	7248180	7258242	483.5
chr12	7267090	7268387	300.7
chr12	7273992	7286532	169.4
chr12	7533280	7535929	532.5
chr12	8070672	8072183	193.8
chr12	8255600	8258052	437.8
chr12	8652425	8658157	233.9
chr12	8895147	8895655	93.4
chr13	1026977	1037270	674
chr13	10337195	10338855	175.3
chr13	10753693	10762339	454.5
chr13	11445605	11447842	460.7
chr13	1253268	1256696	239.9
chr13	1297673	1301954	631.3
chr13	13555831	13561588	391
chr13	13615067	13615930	106.3
chr13	13809619	13813453	474.2
chr13	13882653	13885838	186
chr13	1388745	1390188	304.9
chr13	1450030	1452242	223.1
chr13	14356344	14358497	311.7
chr13	14644559	14650586	729.8
chr13	14677740	14684586	560.3
chr13	1578594	1580497	388.2
chr13	15182474	15182937	66.8
chr13	15839121	15844392	457.6
chr13	1602834	1606771	368.1
chr13	1617432	1622766	710
chr13	1641598	1646007	1237
chr13	17359907	17360268	52.8
chr13	17460452	17462411	221.9
chr13	17918436	17919106	104.2
chr13	17961348	17961966	97.8
chr13	1785619	1789956	1108.8
chr13	1817030	1822487	763.1
chr13	18218055	18221680	634.9
chr13	18554419	18556904	433.4
chr13	18853345	18857227	203.8
chr13	19285506	19285918	80.8
chr13	19406298	19425838	487.7
chr13	19685499	19687368	185.9
chr13	19615669	19619635	341.8
chr13	19625175	19627109	288
chr13	19693758	19699490	310.7
chr13	19740306	19742104	322.9
chr13	20119806	20130983	418.5
chr13	2104326	2110440	839
chr13	21146930	21148724	108.9
chr13	21267843	21268491	106.2
chr13	21551479	21558601	254.5
chr13	21763311	21783614	537.32
chr13	2248814	2250783	197.1
chr13	2277576	2281862	953.2
chr13	22390301	22391695	268.8
chr13	22418256	22419981	276.6
chr13	23152504	23156967	749.8
chr13	23306420	23310727	781.5
chr13	23549423	23552171	149.2
chr13	23617097	23617773	164.4
chr13	23721444	23722144	164.9
chr13	23725296	23729171	333.5
chr13	2479683	2482234	212.4
chr13	24146706	24147406	172.8
chr13	24503027	24503727	163.3
chr13	24764192	24768308	915.7
chr13	24693040	24696088	204.5
chr13	24749417	24752051	108.9
chr13	2530106	2531899	359.3
chr13	2546256	2547091	77.5
chr13	2561676	2564495	265.3
chr13	25283384	25288863	458.9
chr13	25840220	25842199	193.7
chr13	2616260	2620025	651.1
chr13	26067092	26068775	119.1
chr13	26141986	26145342	730.7
chr13	26277200	26278325	206.1
chr13	26296001	26302951	619.8
chr13	26705820	26707246	296.4
chr13	26797655	26800104	425.7
chr13	26951587	26958607	1336
chr13	2700714	2704371	440.8
chr13	27436429	27439041	261.8
chr13	27734768	27738486	443.5
chr13	27771076	27772188	158.1
chr13	27799338	27801796	493
chr13	27876013	27876838	202.5
chr13	27980750	27984716	281.4
chr13	2873469	2876794	644.6
chr13	28103993	28106780	275.5
chr13	28143167	28145795	257.4
chr13	28430099	28433284	310.9
chr13	28629011	28634390	378.8
chr13	28637790	28640686	304.1
chr13	28696055	28697514	414.8
chr13	28996239	28997398	225.4
chr13	29001577	29003438	544.1
chr13	2899740	2902934	533.8
chr13	339352	343311	393.9
chr13	310253	314829	589
chr13	3343493	3344477	144
chr13	3433452	3434749	335.7
chr13	3582405	3588973	286.6
chr13	3612186	3615079	173.9
chr13	4125018	4126667	427
chr13	4156545	4158631	481.6
chr13	4415323	4417504	208.6
chr13	4498406	4499526	103
chr13	4830874	4838586	454.9
chr13	4940473	4943496	709.4
chr13	5039344	5040131	117.8
chr13	5336859	5345014	301.9
chr13	5477950	5479826	323.9
chr13	5580656	5602756	863.4
chr13	610458	614669	369.7
chr13	6408527	6436302	605.8
chr13	6724768	6729538	581.5
chr13	765385	766703	293.8
chr13	714729	715162	95.1
chr13	7166075	7172105	537.1
chr13	7486130	7489671	394.5
chr13	7587958	7592733	310.6
chr13	7931256	7932993	250.6
chr13	806461	809507	500.1
chr13	871181	874614	387.5
chr13	8190342	8193712	538.4
chr13	8287147	8290023	177.7
chr13	8662834	8665691	489.2
chr13	964772	968556	747
chr13	9253158	9256029	197.8
chr13	9448366	9455682	742
chr13	9500746	9508170	747.9
chr13	9687361	9689559	333.3
chr13	108069	112217	417
chr13	1081291	1084346	478.5
chr13	12270803	12273359	182.3
chr13	12860710	12866530	183.5
chr13	1390201	1398164	954.7
chr13	14429657	14430270	111.7
chr13	15511581	15512748	88.5
chr13	15685568	15707865	408.1
chr13	17291849	17297467	52.4
chr13	17644266	17646340	337.9
chr13	18339691	18344324	468.8
chr13	18728218	18738015	233.1
chr13	18891552	18897035	66.4
chr13	19082944	19091056	848.7
chr13	19737295	19737930	116.3
chr13	19920190	19923025	538.8
chr13	2012814	2036386	406.1
chr13	20539837	20559327	1879.18
chr13	20602305	20627293	552.5
chr13	2233423	2236462	337.4
chr13	22028673	22040435	469.8
chr13	22141157	22151975	36.7
chr13	22589414	22592144	525.4
chr13	22740520	22743249	529.4
chr13	2289016	2293052	206
chr13	23141806	23142886	168.5
chr13	23355738	23361903	318.9
chr13	23636139	23639827	253.6
chr13	23669660	23674206	79.6
chr13	23691253	23694238	83.6
chr13	2473751	2474931	145.9
chr13	24017569	24021268	248.5
chr13	24170722	24173276	219.4
chr13	24974476	24975479	87.1
chr13	24956796	24959871	755.1
chr13	25081397	25083763	522.4
chr13	25257594	25259159	176.4
chr13	26015748	26024566	48.3
chr13	26290705	26296229	896.3
chr13	26372647	26375745	438.7
chr13	26310984	26313316	164.1
chr13	26453326	26462057	1486.7
chr13	26480766	26481443	134.8
chr13	26749478	26754073	458.5
chr13	26987706	27021221	655.24
chr13	27036576	27038147	203.1
chr13	27515238	27517615	241.5
chr13	27659430	27667842	72.4
chr13	27890339	27918985	1437.7
chr13	28274203	28289973	346.8
chr13	28396158	28397529	382.5
chr13	28866465	28875049	733.3
chr13	28996159	28996898	55.5
chr13	29028703	29031503	614.9
chr13	3155614	3178875	1102.1
chr13	3744028	3755622	398.5
chr13	3813287	3816617	402.4
chr13	4260715	4261922	292.1
chr13	4341687	4347936	454
chr13	4401040	4407480	281.8
chr13	4800613	4812994	366.9
chr13	565013	570941	694.7
chr13	5439587	5440432	172.1
chr13	5498107	5500529	76.6
chr13	5756560	5764365	442.5
chr13	661206	664605	575.2
chr13	6174739	6197471	110.7
chr13	6514417	6515374	194
chr13	727902	730301	483.9
chr13	733285	751258	1790.2
chr13	7325486	7346379	299.4
chr13	7730626	7734432	98
chr13	7921353	7926211	499.2
chr13	845930	861140	591.8
chr13	862219	863977	178.8
chr13	958638	962095	484.1
chr13	9061439	9067678	1089.8
chr13	8985400	8993527	1600.9
chr13	9202023	9209473	163.9
chr13	9552195	9557359	205.3
chr14	172428	179868	508.7
chr14	1034028	1037992	505.8
chr14	10528370	10546362	1367.5
chr14	1137584	1149286	673.8
chr14	11059285	11060853	162.1
chr14	11443924	11444644	63
chr14	1197389	1200088	404.3
chr14	12697460	12700265	638
chr14	14600291	14604220	815.2
chr14	1603706	1605437	287.6
chr14	1607998	1610397	329
chr14	17377035	17381528	832.7
chr14	1795496	1796921	151.4
chr14	1813699	1820116	581.2
chr14	1882106	1883750	94.9
chr14	1938900	1955977	818
chr14	1892406	1897882	1030
chr14	19587546	19590052	308.7
chr14	19813143	19814008	205.3
chr14	262238	267681	944
chr14	21210660	21212205	345.6
chr14	21475723	21476935	213.6
chr14	21533941	21535000	136.4
chr14	21825556	21835604	594.6
chr14	21977600	21981281	284.9
chr14	22181283	22185179	500.1
chr14	22276319	22279425	202.5
chr14	22340919	22344477	349.9
chr14	22346740	22350394	177.7
chr14	22490451	22491801	267.5
chr14	22625035	22629451	332.7
chr14	22960897	22962387	122.9
chr14	22968452	22977080	528.8
chr14	22947826	22952523	86.1
chr14	23125846	23136286	494.1
chr14	23254960	23256611	323.18
chr14	23946685	23949858	236
chr14	24399312	24438082	596.7
chr14	24616245	24623527	1001.6
chr14	24657445	24660862	591.1
chr14	24673394	24675167	490.9
chr14	24591407	24604720	876.8
chr14	24772882	24775531	256.8
chr14	2507090	2508210	236.1
chr14	2556206	2557182	250.6
chr14	25154365	25156401	131.5
chr14	25221444	25224220	523
chr14	25291701	25294107	389.1
chr14	25360152	25368380	680
chr14	25693046	25694655	360.8
chr14	2607652	2611068	164.9
chr14	26066269	26071127	396.8
chr14	26134491	26140337	604.2
chr14	26130528	26132915	550.8
chr14	26380124	26387702	973.4
chr14	26345834	26347801	432.3
chr14	26857329	26862253	406.1
chr14	26904627	26908999	430.8
chr14	26914726	26916442	295.8
chr14	26916371	26919814	386.1
chr14	27067872	27073781	657.4
chr14	26978686	26987714	696.4
chr14	27095489	27115697	3131.22
chr14	27190989	27193169	106.3
chr14	27319226	27322140	594.3
chr14	27405189	27411967	482.42
chr14	27801690	27810198	515.9
chr14	2800659	2805262	189.7
chr14	27990492	27994177	534
chr14	28104963	28107650	300.3
chr14	28154956	28156381	264.8
chr14	28408211	28416092	541.7
chr14	2947810	2948807	228.7
chr14	29705236	29707537	379.29
chr14	29856608	29867247	631.9
chr14	30008981	30010028	90.4
chr14	30014121	30016933	513.3
chr14	30125854	30129424	700.9
chr14	3159976	3161354	425
chr14	3139455	3144431	597.3
chr14	3482617	3483574	71.1
chr14	3603695	3616031	631.3
chr14	3941110	3943598	199.3
chr14	4034586	4044793	1080.5
chr14	4147654	4149344	182.4
chr14	4260130	4263001	342.4
chr14	4264627	4267541	286.1
chr14	4330722	4334595	406
chr14	4400167	4409593	781.7
chr14	4637560	4648278	717.1
chr14	4698396	4709018	707.9
chr14	5082772	5100392	1873.9
chr14	5731138	5736541	940.84
chr14	5966115	5969901	773.4
chr14	624060	634720	435.5
chr14	645107	647290	435.3
chr14	661201	665404	406.6
chr14	6131472	6138729	540
chr14	742898	744864	130
chr14	7308120	7311897	495.1
chr14	7612805	7613754	261.7
chr14	8030339	8039299	986.1
chr14	8101995	8106785	557
chr14	8128954	8134706	714.2
chr14	8204458	8205873	303
chr14	9305857	9308148	381.1
chr14	9423254	9425402	218.2
chr14	9519300	9521324	300.2
chr14	9699283	9705400	727.5
chr14	130249	131748	280.5
chr14	1039459	1048828	265.8
chr14	10185843	10207771	235.7
chr14	11434031	11439083	348.8
chr14	11631110	11632113	167.6
chr14	11674072	11681058	751.5
chr14	11784319	11785749	273.8
chr14	1219873	1227116	450.6
chr14	1572023	1575948	427.9
chr14	16884459	16886024	380.6
chr14	17449736	17455691	287.5
chr14	17769137	17770284	195.6
chr14	18277493	18278404	181.7
chr14	19373834	19374443	68.5
chr14	20670719	20677996	377.5
chr14	21884192	21900297	1160.1
chr14	22166777	22173350	291.7
chr14	22886275	22892497	670.9
chr14	23160620	23182169	4583.2
chr14	23285960	23293029	192.6
chr14	23902160	23903623	150.3
chr14	24240360	24246441	518.9
chr14	24705138	24706809	274
chr14	24792477	24797288	372.8
chr14	25599335	25603654	118.5
chr14	25610464	25614332	262.8
chr14	25640957	25646243	318.1
chr14	26022202	26030061	1103.7
chr14	26092722	26096646	347.6
chr14	26517324	26525199	667.6
chr14	26750211	26755557	440.2
chr14	26855546	26857224	301.7
chr14	26801732	26803798	239.3
chr14	26987739	26995901	182.7
chr14	27219174	27219980	97.2
chr14	27420390	27429500	446.6
chr14	27371380	27397788	858.2
chr14	27736996	27737423	63.5
chr14	27785084	27788723	213.5
chr14	27740835	27743896	736.6
chr14	27760748	27761783	263.8
chr14	27847879	27871853	2671
chr14	27973473	27975544	579.7
chr14	28147908	28150024	517.9
chr14	28533151	28538565	1222.2
chr14	28655004	28658069	281.7
chr14	28766949	28769703	569.7
chr14	2902698	2915743	909
chr14	29079895	29081297	311.8
chr14	29440408	29444339	391.8
chr14	29541647	29550301	529
chr14	29935315	29936775	210.4
chr14	333543	335720	248.4
chr14	30036274	30039214	643.3
chr14	3222448	3227243	629.4
chr14	3467193	3480461	582.5
chr14	4087940	4095643	270.5
chr14	4313231	4330399	508
chr14	5555075	5563572	396.3
chr14	5670895	5672539	204
chr14	6026378	6048854	973.6
chr14	6138061	6144351	418.5
chr14	6402788	6407021	255.6
chr14	7295696	7302568	343.1
chr14	7617497	7629435	417.82
chr14	8961917	8968427	216.4
chr14	9026585	9036844	520.7
chr15	123927	125393	361.8
chr15	10334578	10335642	93.2
chr15	10890584	10898468	545.9
chr15	1141470	1142139	114.8
chr15	1168810	1187518	816.8
chr15	11420688	11422168	208
chr15	11676716	11677918	232.2
chr15	11838663	11839066	42
chr15	12326326	12331640	831.2
chr15	12467175	12481777	1061.1
chr15	12566310	12568061	383.6
chr15	12768549	12770784	174.3
chr15	13101220	13117899	1131.8
chr15	13256363	13259049	596.1
chr15	13472021	13474750	173.3
chr15	13951654	13951925	30.3
chr15	14297398	14298142	164.2
chr15	14438264	14447232	530.6
chr15	14658329	14664859	288.9
chr15	14806532	14810284	750.7
chr15	14983191	14984837	328.5
chr15	15034074	15043580	542.7
chr15	15075048	15078521	182.8
chr15	15252739	15259148	465.1
chr15	15343350	15344418	191.1
chr15	15442749	15451926	769.3
chr15	15795800	15798714	899.3
chr15	15859808	15863065	275.4
chr15	16028347	16029089	120
chr15	15988593	15991265	362.2
chr15	16182772	16185565	373.5
chr15	16406699	16411208	379.78
chr15	16656654	16665228	406.3
chr15	16697764	16699357	343.8
chr15	16708954	16729401	1883.7
chr15	16765163	16767894	525
chr15	16870570	16876331	261.1
chr15	17260138	17261006	190.8
chr15	17223672	17226169	600.5
chr15	17577928	17581613	476.9
chr15	17645341	17647353	355.1
chr15	17968525	17970397	180.1
chr15	17993479	17999638	570.5
chr15	18075965	18081591	911.9
chr15	17990195	17992972	529.7
chr15	18157107	18158759	87.9
chr15	18207074	18207561	104.2
chr15	18510646	18512324	403
chr15	18683619	18685282	353.1
chr15	19076644	19077864	130.7
chr15	19083501	19095138	2051.2
chr15	19142461	19145919	331.2
chr15	19412309	19414501	229.24
chr15	19565380	19568246	215.8
chr15	19693653	19695701	460.4
chr15	19697568	19700264	614.1
chr15	19735124	19737158	459.6
chr15	20011193	20016383	564.4
chr15	20036171	20036816	108.7
chr15	20300178	20302218	184.8
chr15	3067099	3068953	132.7
chr15	3650317	3653381	393.5
chr15	5198888	5199579	173.4
chr15	5311338	5312949	136.8
chr15	5484981	5485797	41.8
chr15	7904026	7917176	198.3
chr15	858787	859553	163.3
chr15	8596901	8597592	135.3
chr15	9312034	9317172	335.6
chr15	9663144	9670157	1397.9
chr15	10868311	10876432	331.3
chr15	12155920	12156768	199.9
chr15	12267536	12286177	410.2
chr15	12294982	12296243	134.8
chr15	12539751	12543114	387.9
chr15	13787954	13792271	123
chr15	14589154	14608510	98.5
chr15	14918150	14936058	805.4
chr15	1565129	1568472	342.1
chr15	15572751	15574318	335.9
chr15	15541413	15564959	567
chr15	15737874	15740218	295.3
chr15	16165464	16170201	569.4
chr15	16177563	16179962	394.4
chr15	1742647	1752194	218.6
chr15	17151487	17155364	699.9
chr15	17462533	17465663	388
chr15	17483575	17487538	479.3
chr15	17411019	17413726	298.8
chr15	17534130	17534985	120.3
chr15	17828225	17829923	200.8
chr15	18108234	18115004	407.6
chr15	18205996	18206917	159.7
chr15	18479863	18483690	499.1
chr15	18665839	18674245	814
chr15	18792113	18792937	151.8
chr15	19322516	19324525	393.2
chr15	19592579	19595354	467.45
chr15	3906410	3907144	105.9
chr15	8981966	8986138	549.6
chr15	9619088	9631231	445.7
chr16	108593	112609	184.2
chr16	11212653	11215802	242.2
chr16	1198936	1207850	331.3
chr16	1339561	1341016	325
chr16	12992214	12999617	369.6
chr16	13617387	13620086	527.4
chr16	13719809	13742045	231.5
chr16	14471451	14472545	108.5
chr16	14983043	14986112	237.4
chr16	15178197	15181967	277
chr16	15741888	15752546	823.3
chr16	15844284	15851898	522.8
chr16	16067451	16075295	797.1
chr16	16388923	16396988	551.1
chr16	17467905	17470536	417
chr16	17641954	17643131	218.2
chr16	17787448	17789371	449
chr16	18208967	18211164	446.7
chr16	18420373	18420827	50.9
chr16	18757992	18758426	68
chr16	19250676	19258842	722.1
chr16	19448127	19449626	244.7
chr16	264745	269681	248.6
chr16	20414102	20421436	929.6
chr16	20588951	20590734	193.7
chr16	20741248	20745390	668.3
chr16	20749617	20750936	214.8
chr16	20708679	20710531	188.7
chr16	2174417	2176252	166.4
chr16	20988416	20990685	363.4
chr16	21208338	21210889	346.7
chr16	22536791	22542427	725.7
chr16	22579099	22581349	560.7
chr16	22650219	22652691	471.8
chr16	22808051	22808733	145.7
chr16	23210471	23215495	833.4
chr16	23285564	23286277	92.8
chr16	23364259	23371250	757.2
chr16	23490296	23494189	753.9
chr16	23453610	23458017	554.1
chr16	23459197	23466811	645.57
chr16	23409923	23411156	181.4
chr16	23427410	23432539	465.2
chr16	2409110	2413507	219.5
chr16	2750067	2751309	250.5
chr16	4848162	4853542	280.3
chr16	777052	779613	758.9
chr16	7999755	8006362	256.3
chr16	175108	181074	792
chr16	1224216	1231702	199.7
chr16	1245863	1252145	129.1
chr16	12547405	12551431	436.8
chr16	12713569	12729496	266.2
chr16	12758856	12760029	316.7
chr16	12932975	12934790	367.2
chr16	14727207	14755656	622.1
chr16	14821479	14838725	767.8
chr16	15288918	15296505	538
chr16	15888388	15895725	304
chr16	16088333	16090942	364.1
chr16	16255857	16257721	368.9
chr16	17258356	17261202	124.9
chr16	1781184	1786107	364.8
chr16	18482967	18486172	176.4
chr16	18503341	18506464	570.3
chr16	18535493	18536697	170.2
chr16	20259445	20264912	748.2
chr16	20725691	20729894	112.1
chr16	20773088	20781073	929.1
chr16	20999725	21003465	607.8
chr16	21003788	21006997	135.2
chr16	21423035	21425581	197
chr16	22306856	22311551	399.67
chr16	22412797	22413627	120.8
chr16	22635793	22639877	564.44
chr16	22664546	22670271	1002.1
chr16	22981176	22988324	727.5
chr16	22888654	22895952	994.1
chr16	2366366	2378138	369.4
chr16	23342790	23343945	265.4
chr16	23419887	23426343	585.3
chr16	2513910	2516132	394.6
chr16	2769543	2778869	314.5
chr16	3626279	3639819	97.4
chr16	4016534	4017178	130.5
chr16	4943836	4944478	80.4
chr16	6759537	6778208	421
chr16	9223045	9229364	255.3
chr17	10024680	10026453	216.4
chr17	10200029	10202737	234.4
chr17	10781633	10783567	457.6
chr17	11285248	11291404	786.8
chr17	11416494	11418535	493.8
chr17	11640360	11643408	714.1
chr17	11767064	11768775	323.4
chr17	11806338	11808414	508.4
chr17	1216502	1221494	446.5
chr17	12330408	12338293	468.4
chr17	12507376	12509869	692.3
chr17	12659083	12662014	263
chr17	1370027	1374217	560.4
chr17	1406426	1410965	577.1
chr17	16027153	16028496	205.2
chr17	16992540	16993998	180.4
chr17	1797838	1799751	305.8
chr17	1868006	1869798	151.8
chr17	1911994	1916424	268.2
chr17	188506	193816	377.8
chr17	201930	205521	636.2
chr17	2217255	2220538	873.37
chr17	2532674	2534681	482.3
chr17	2645707	2650007	339
chr17	2727739	2737347	323.9
chr17	2832594	2835315	391
chr17	2835726	2836583	219
chr17	2851362	2852218	225
chr17	356440	362456	1058.3
chr17	375402	380983	801.6
chr17	2995901	3001144	242.6
chr17	3126527	3128516	87.7
chr17	3164798	3166456	235.1
chr17	3218804	3224355	631.4
chr17	3262459	3267795	528.1
chr17	3272990	3275234	239.9
chr17	3463219	3465440	177.4
chr17	4030424	4068873	1124.4
chr17	4084515	4086034	313
chr17	4304235	4306100	135.4
chr17	4653240	4654059	184.5
chr17	4702928	4706980	607.5
chr17	559310	559831	56
chr17	5407014	5409617	614.1
chr17	5658975	5660802	400.4
chr17	5975541	5977207	387.7
chr17	624775	625704	118.4
chr17	6361658	6366493	330.9
chr17	6587189	6588434	165.6
chr17	6885677	6887843	437.7
chr17	6957491	6959446	421.7
chr17	720150	722566	164.9
chr17	7046456	7048558	501.9
chr17	7098884	7102793	262.3
chr17	7448881	7455371	593.7
chr17	7724761	7725544	53.2
chr17	7757601	7763909	160.1
chr17	7845127	7846087	205.3
chr17	832633	838920	464.7
chr17	888030	889743	271.2
chr17	8041476	8048038	309.6
chr17	8125742	8130368	972.5
chr17	8313451	8315781	215.8
chr17	8464582	8472377	685.5
chr17	8507302	8513053	450.8
chr17	8731198	8735141	407.6
chr17	8891810	8899964	832
chr17	8950720	8951660	107.3
chr17	8931096	8938405	781.5
chr17	9030442	9033131	205.4
chr17	9101054	9102971	177.2
chr17	9195344	9200125	651.2
chr17	9477543	9481168	850.6
chr17	9689995	9694053	714.2
chr17	9746503	9751386	236.1
chr17	9793558	9796257	295.7
chr17	9834870	9836068	250.8
chr17	178969	183554	519.2
chr17	10373338	10380533	269.6
chr17	10281367	10291169	246.4
chr17	1093173	1095397	479.3
chr17	11145538	11155893	777.7
chr17	12445286	12455657	497.3
chr17	13927765	13928724	180.9
chr17	13987048	13990164	237.6
chr17	17602186	17643589	307.4
chr17	1834639	1835770	304.8
chr17	1876198	1905100	1046.9
chr17	1956385	1957295	157.7
chr17	2222511	2224025	381.9
chr17	2676073	2688438	543
chr17	364289	368317	721.1
chr17	3662680	3671675	902.6
chr17	3912364	3930082	662.9
chr17	4910170	4915843	591.6
chr17	5409709	5424084	428.7
chr17	5783586	5790196	324.6
chr17	5978563	5988885	405.9
chr17	645403	652417	417.6
chr17	6120251	6131479	1747
chr17	6447817	6450608	226.7
chr17	6528058	6540316	869.8
chr17	6797463	6800728	154.4
chr17	7540257	7548630	727.5
chr17	7832950	7835674	336.4
chr17	866474	879171	883.4
chr17	8028440	8033322	272.5
chr17	8196474	8235554	1625.1
chr17	9714645	9722012	578.8
chr17	9937556	9944210	1024
chr18	81754	86603	260.6
chr18	139859	142129	489.7
chr18	993217	996505	611.9
chr18	10062479	10066019	520.1
chr18	10403898	10426926	872
chr18	10509017	10514058	886.4
chr18	10869741	10873718	555.7
chr18	10827587	10830744	635.9
chr18	10849283	10854813	329.4
chr18	10881921	10891297	1134.1
chr18	1101704	1110692	970.3
chr18	1129574	1134168	488.8
chr18	11035887	11042131	619.4
chr18	11174957	11179235	493.6
chr18	11559877	11565853	1391.5
chr18	11738393	11743796	559.4
chr18	11708848	11712665	536
chr18	11767507	11769693	578.9
chr18	11865623	11869762	784.7
chr18	1204154	1214932	678.1
chr18	11991232	11992034	45
chr18	12116548	12118940	512.2
chr18	12718679	12724401	373.9
chr18	12746849	12753154	358.5
chr18	12859127	12871650	379.5
chr18	12978364	12980342	298
chr18	12963428	12968990	435.7
chr18	12992487	12996757	524.7
chr18	12997445	13002258	258.9
chr18	13030379	13036478	612.3
chr18	13038912	13042592	530.7
chr18	13390487	13391077	118.8
chr18	13397962	13399287	290.5
chr18	13455199	13457856	398.5
chr18	13521165	13523296	374.2
chr18	14022630	14027663	828.3
chr18	14159728	14172280	1439.9
chr18	14263238	14267426	475.7
chr18	14521951	14522369	62.4
chr18	14906860	14910357	89.4
chr18	1529492	1530884	277.4
chr18	1550484	1554593	537
chr18	1670364	1677229	538.1
chr18	1643308	1644124	110.9
chr18	1661392	1667243	354.3
chr18	1690896	1697312	553.6
chr18	1699118	1705957	478.3
chr18	18232970	18233932	209.5
chr18	19490273	19493163	504.4
chr18	228259	232709	195.4
chr18	234101	235470	33.7
chr18	20060494	20062072	398.6
chr18	20753347	20755308	188.3
chr18	2127416	2127909	62.1
chr18	21277645	21282361	528.1
chr18	21679347	21682458	519.3
chr18	2254970	2258316	382.6
chr18	22014406	22017414	230.5
chr18	22532107	22541824	1062.1
chr18	22542001	22544125	434.9
chr18	22831300	22833810	383.7
chr18	2298826	2303555	418.2
chr18	23256627	23257531	226
chr18	23289030	23291271	297.5
chr18	24382155	24382636	73.3
chr18	24382987	24384453	134.7
chr18	2496644	2503616	480.6
chr18	25085982	25088561	444
chr18	26223656	26225853	496.9
chr18	26312957	26318125	377.6
chr18	26400620	26405476	716.8
chr18	26500492	26502769	334.8
chr18	26507021	26509313	325.2
chr18	26991216	26994260	549.9
chr18	27932846	27935333	215.1
chr18	27946966	27948796	226
chr18	2804680	2805233	101.93
chr18	2865958	2870883	411.8
chr18	28306049	28309181	822.8
chr18	28372946	28377216	569.1
chr18	28530704	28539087	632.8
chr18	28580340	28584195	544.1
chr18	28874563	28877834	265.6
chr18	2925279	2926911	221.6
chr18	29757372	29758531	219.6
chr18	29773943	29774825	194.7
chr18	3064287	3066066	334.4
chr18	30352227	30355142	298.5
chr18	30432613	30439258	372
chr18	30628360	30631769	433.8
chr18	30931333	30933347	216
chr18	31088578	31095218	364.3
chr18	31161664	31173040	797.1
chr18	31192847	31196878	380.7
chr18	31802364	31809115	421.1
chr18	3244469	3247007	518.3
chr18	32367785	32368223	90.7
chr18	32482800	32485127	444.7
chr18	32547475	32548189	145.8
chr18	32562448	32564808	469
chr18	32890991	32910094	1173.5
chr18	3327528	3328703	277.6
chr18	3357178	3359155	347.5
chr18	33134353	33136342	426.6
chr18	33328868	33345742	1104.2
chr18	33622145	33629672	471.8
chr18	33647300	33652114	269.9
chr18	3432987	3436834	586.6
chr18	34275790	34278692	403.1
chr18	3846521	3852115	335.8
chr18	4130526	4134405	526
chr18	4254678	4257476	452.4
chr18	4325980	4329625	487.8
chr18	4363699	4369021	585.3
chr18	4433211	4439123	766.5
chr18	4450949	4452765	397.9
chr18	4418167	4419416	193.8
chr18	4453926	4458041	279.9
chr18	4483659	4486990	805.3
chr18	4724266	4727358	337.1
chr18	4765604	4772399	432.3
chr18	505106	508188	428.4
chr18	5139238	5141008	436.2
chr18	5310596	5314130	864.6
chr18	5355606	5356661	102.5
chr18	5592586	5595697	154.1
chr18	5673722	5681039	561
chr18	5743974	5750892	418.2
chr18	5909661	5912958	558.6
chr18	681155	684611	614.3
chr18	6004806	6006107	233.7
chr18	6095200	6098167	497
chr18	6103024	6106143	243.4
chr18	6175282	6184718	293.5
chr18	6198614	6200803	312.8
chr18	6203302	6209701	474
chr18	6335641	6342273	296.6
chr18	6448089	6452847	320.4
chr18	6502756	6504374	366.4
chr18	6554663	6559946	699.9
chr18	6719603	6723230	938
chr18	6730245	6733555	922.2
chr18	708197	712863	665.6
chr18	739320	743707	342.7
chr18	6978650	6982985	231.5
chr18	6992188	6992761	92.9
chr18	6993916	6998339	664.9
chr18	7066095	7067112	224.7
chr18	7511126	7513588	143.1
chr18	7601536	7603187	448.3
chr18	7722573	7730215	481.6
chr18	7874072	7878941	760.8
chr18	807365	809540	281.5
chr18	8045619	8047190	333.6
chr18	8024629	8029020	99.3
chr18	8092055	8101111	110.4
chr18	8277823	8279651	504.1
chr18	8597938	8605180	817
chr18	927341	932148	547.3
chr18	9101167	9104257	618.4
chr18	9220484	9222880	417.5
chr18	9497579	9498408	208.4
chr18	9599697	9600731	249.8
chr18	9625281	9629090	587.8
chr18	9737759	9740404	489.2
chr18	10874662	10879358	337.3
chr18	10921256	10924825	271.4
chr18	1158236	1167600	461
chr18	11070670	11073281	368.6
chr18	11334399	11336524	218.9
chr18	11296536	11299907	338.9
chr18	11630872	11633424	359.5
chr18	11726539	11729563	236.2
chr18	12141329	12144087	296.3
chr18	12262359	12268246	838.5
chr18	12893658	12898929	565.3
chr18	13511567	13519993	176.5
chr18	14042540	14043392	178.9
chr18	14130807	14135928	604.5
chr18	1711893	1715438	769
chr18	18511656	18512577	108.2
chr18	20441410	20446014	226.4
chr18	20638206	20638669	85.4
chr18	20635909	20637922	416.2
chr18	21187613	21197112	456.4
chr18	2177336	2194972	416.1
chr18	22266990	22268237	84.9
chr18	22671386	22685251	317.2
chr18	2336715	2345247	989.5
chr18	23700641	23708959	1257.6
chr18	23784738	23810431	614.1
chr18	2418826	2426683	545.8
chr18	2438554	2443354	161.1
chr18	2526379	2529830	409.3
chr18	2543071	2544703	355.3
chr18	25126542	25129678	549.9
chr18	26378334	26379459	268.7
chr18	2688517	2734615	1024.7
chr18	27692059	27693238	305.2
chr18	27935630	27938519	82.2
chr18	2881679	2885354	597
chr18	28672657	28677284	666.9
chr18	29531984	29532775	158.8
chr18	29917908	29919594	222.8
chr18	299061	304869	501.4
chr18	30002651	30003545	87.2
chr18	30803343	30805478	102.5
chr18	30935163	30936741	351.4
chr18	30988651	30992833	400.8
chr18	31182009	31183653	198.2
chr18	31198985	31200069	247.8
chr18	31716496	31723418	650.4
chr18	3261228	3268439	252.3
chr18	31988535	31989011	82.8
chr18	32457968	32458933	136.6
chr18	32410765	32411458	120.7
chr18	3349157	3350781	382.2
chr18	3387857	3389308	313.4
chr18	34067034	34068154	195.7
chr18	34197197	34211516	50.2
chr18	34279108	34282654	270.1
chr18	34470197	34471982	189.2
chr18	3700516	3718100	241.9
chr18	3860284	3861189	95.1
chr18	3925792	3930463	342.3
chr18	3900416	3905670	445.6
chr18	420584	423767	432.2
chr18	4041351	4046983	275.3
chr18	4306815	4310230	677.5
chr18	4310321	4319323	377
chr18	4700677	4704806	491.7
chr18	540014	545190	591.1
chr18	5377271	5396050	605.3
chr18	5448611	5450757	53.8
chr18	5620829	5628250	139.2
chr18	620331	623972	661.4
chr18	6235448	6258624	3243
chr18	6286584	6292888	721.9
chr18	6473635	6487030	560.4
chr18	6597865	6599132	256.9
chr18	6693440	6703507	850
chr18	6842279	6849045	645.2
chr18	7333710	7337297	513.2
chr18	7787300	7789181	239.4
chr18	7858500	7863105	222.1
chr18	7977338	7980644	774.9
chr18	7925755	7929720	314.5
chr18	7962188	7964535	415.8
chr18	836372	839215	575.7
chr18	8392059	8393611	366.8
chr18	8418280	8422234	857.9
chr18	8692152	8698076	347.3
chr18	8790205	8809690	647.2
chr18	8887189	8899274	273.4
chr18	9029431	9030606	221.4
chr18	9040572	9044522	185.7
chr18	9433366	9437962	561.9
chr18	9504318	9509677	193.2
chr18	9512611	9519220	661.6
chr19	55776	58730	282.5
chr19	1038818	1039104	43.3
chr19	12608001	12612029	430.6
chr19	13089614	13090942	264.8
chr19	13551087	13555231	445.51
chr19	13656601	13658451	449.1
chr19	13704981	13707374	123.9
chr19	1383808	1390908	522.9
chr19	14129546	14133607	266.5
chr19	1546439	1547351	106.1
chr19	15345601	15347338	278.5
chr19	15652133	15653539	340.9
chr19	18511680	18513414	401.9
chr19	19257822	19258686	197.8
chr19	19382473	19383803	216.1
chr19	19664006	19679543	409
chr19	19774990	19775500	84.5
chr19	244676	245899	208
chr19	213250	214236	169.6
chr19	2003078	2012287	544.6
chr19	20644331	20649536	1002.1
chr19	21051696	21053540	261.4
chr19	21449864	21452599	110.8
chr19	21491071	21493353	403.9
chr19	2259642	2262946	99.2
chr19	22247196	22247563	72.3
chr19	23414800	23419750	586.9
chr19	24014058	24017519	200.5
chr19	24027613	24033511	276.9
chr19	24169445	24170049	125.4
chr19	24454259	24458814	703.8
chr19	24515279	24519850	389.3
chr19	2979845	2982706	628.6
chr19	368099	372012	397
chr19	372860	380709	774.3
chr19	3046080	3047932	113.3
chr19	3265448	3267351	537.6
chr19	3285973	3287803	435.7
chr19	3355190	3356100	201.4
chr19	3579036	3581834	800
chr19	3851182	3855103	489.9
chr19	468879	472555	373
chr19	4714328	4718810	703.2
chr19	4810450	4813466	312.1
chr19	572670	579253	577.44
chr19	479515	491630	963
chr19	548245	550086	267.9
chr19	556513	557822	76.9
chr19	4992139	5006443	598.8
chr19	5406546	5409109	417.4
chr19	6242073	6245586	204.6
chr19	6349670	6356225	574.2
chr19	6423405	6427901	475.2
chr19	6519942	6524397	840.9
chr19	6778728	6779651	206.5
chr19	6882629	6884897	487.4
chr19	7059975	7060877	171.6
chr19	7106047	7108433	549.3
chr19	7121868	7125429	403.3
chr19	7228153	7230934	146.3
chr19	7392092	7393323	149
chr19	7648459	7650048	101.9
chr19	7976881	7983555	1414.5
chr19	8065081	8067199	424.2
chr19	8296899	8299807	513.1
chr19	8582072	8584643	168
chr19	8712698	8718875	654.5
chr19	8878283	8883615	626.3
chr19	9372588	9376545	473.3
chr19	9392159	9393727	342.2
chr19	9492941	9496036	208.4
chr19	9921992	9923072	198.8
chr19	1015234	1018241	343.9
chr19	10188900	10190840	463
chr19	10267338	10269184	415.6
chr19	11542683	11553054	120.7
chr19	1302523	1319989	482.4
chr19	1375236	1378895	578.7
chr19	1421947	1423941	121.4
chr19	1414577	1420759	451.2
chr19	13944681	13949640	190.3
chr19	14041958	14044760	142.4
chr19	14740084	14747973	833.5
chr19	15317717	15320381	155.4
chr19	15873616	15874945	62
chr19	1707552	1726554	476.8
chr19	1945072	1947649	471.3
chr19	19105985	19119199	986
chr19	20227661	20232975	924.8
chr19	20845274	20846098	134.5
chr19	23249340	23255628	181.9
chr19	24406032	24448539	1143.2
chr19	2633427	2633833	73.8
chr19	2793360	2811295	473.4
chr19	2889371	2899452	440.8
chr19	3377013	3381679	725.4
chr19	4472263	4473977	184.2
chr19	4516258	4521290	127.7
chr19	4694095	4697962	643.6
chr19	5328629	5331593	652.3
chr19	5361172	5369907	834.1
chr19	5714922	5720695	853.1
chr19	6032389	6033618	316.6
chr19	6323186	6323655	78.6
chr19	6584158	6593531	289.3
chr19	7136315	7138879	499.2
chr19	7476779	7493603	1617.4
chr19	7635995	7640729	711
chr19	8443485	8454663	408
chr19	9744370	9752047	592.1
chr2	55963	59927	599.5
chr2	121298	128144	1628.1
chr2	10095150	10099232	161.6
chr2	11893093	11897301	124.3
chr2	1271651	1277541	658.2
chr2	1334200	1339991	461.1
chr2	13730304	13735178	165.4
chr2	13856871	13857380	77.9
chr2	1449038	1452884	681.7
chr2	1423817	1427586	383.2
chr2	13998682	14007418	463.6
chr2	1547578	1551244	735.2
chr2	15362103	15364147	339.9
chr2	15606262	15608823	360.7
chr2	15960835	15962765	440.2
chr2	1670310	1672781	360.9
chr2	16252856	16255177	470.3
chr2	16298851	16301310	552.6
chr2	1760390	1766201	516.6
chr2	1689758	1690780	134.4
chr2	16965365	16970156	781.9
chr2	17436207	17436705	97.6
chr2	17494717	17505028	575.3
chr2	1885171	1887628	411.7
chr2	1811358	1816412	831.6
chr2	1828817	1831548	306.7
chr2	18118574	18122293	334.8
chr2	18245469	18251471	797.9
chr2	18257693	18259304	328.5
chr2	18357980	18358348	55.7
chr2	18523880	18525445	323.5
chr2	1888190	1891553	467.2
chr2	262417	269927	576.9
chr2	1990977	1994001	571.5
chr2	2180787	2183463	449
chr2	2105770	2109304	692.4
chr2	2272329	2276309	574.1
chr2	2238134	2239462	260.9
chr2	2383582	2388699	677.7
chr2	2389283	2392441	478.4
chr2	2465009	2467140	437.5
chr2	2573624	2581266	921.8
chr2	2646375	2654605	641
chr2	2785053	2788615	386.2
chr2	2801545	2808739	833.9
chr2	307655	310369	191.9
chr2	298953	299792	174.5
chr2	3028650	3034109	755.8
chr2	3294405	3299522	331.6
chr2	3492930	3493687	74.7
chr2	3534464	3535576	232.4
chr2	3832937	3834557	262.1
chr2	3834762	3837652	515.8
chr2	3909088	3912985	786.3
chr2	3923149	3926217	785.4
chr2	389104	391397	301.2
chr2	4191780	4193781	516.3
chr2	4364966	4371178	224.8
chr2	4804760	4807533	279.35
chr2	4917285	4921004	530.5
chr2	541730	543881	275
chr2	5040564	5041506	91.9
chr2	5373315	5373987	41.2
chr2	5404337	5408462	263.34
chr2	5556407	5557411	227.9
chr2	5583656	5587618	424.1
chr2	5606329	5607248	206.9
chr2	6010588	6012030	266.6
chr2	6133581	6135729	580
chr2	6305719	6310658	347.6
chr2	6516598	6518185	280.8
chr2	6611768	6615934	239.6
chr2	6928297	6929167	224
chr2	782537	786493	309.2
chr2	7472520	7477715	525.6
chr2	7595190	7599797	831.3
chr2	790814	792256	182.9
chr2	866111	867990	313.5
chr2	8392648	8397364	375.4
chr2	941071	949701	1166.7
chr2	906971	909743	439.7
chr2	911080	914912	560.9
chr2	9297055	9304165	286.1
chr2	9407260	9410219	424.3
chr2	11662239	11667272	133.9
chr2	1202741	1209967	570.3
chr2	11985546	11990532	182.7
chr2	13755579	13784937	436.4
chr2	13884220	13884991	110.1
chr2	14181191	14183579	135.4
chr2	16602154	16611545	614.8
chr2	17176276	17179281	169.3
chr2	18159660	18160477	168.6
chr2	18259818	18263877	535.5
chr2	18316693	18329019	133.7
chr2	18532726	18538819	572.6
chr2	1957619	1961618	612.4
chr2	246367	247702	211.1
chr2	2472581	2474540	418.3
chr2	2606266	2620216	897.8
chr2	2809301	2812698	790
chr2	2862426	2877068	564.3
chr2	2974154	2997250	2152.7
chr2	3123005	3128296	215.8
chr2	3474466	3479269	400
chr2	3536181	3537639	85
chr2	3866638	3870214	80.3
chr2	3910902	3911687	192.3
chr2	474388	475603	344.3
chr2	4119783	4135652	393.7
chr2	4169731	4176851	400.3
chr2	4282808	4290764	196.6
chr2	4450329	4454149	258
chr2	583805	585672	135.8
chr2	5146103	5147753	461.7
chr2	5322024	5323771	245.2
chr2	5376988	5386724	1656.9
chr2	6027697	6029132	198.4
chr2	6078945	6088333	124.9
chr2	6287173	6288406	221.2
chr2	6297070	6298548	309.5
chr2	6733079	6741256	229.7
chr2	6769861	6782174	326.8
chr2	7173631	7190766	852.1
chr2	7998645	8001801	399.6
chr2	8685553	8694119	782.8
chr2	8869171	8874791	462.4
chr2	917548	925371	748.7
chr3	10670862	10671918	173.7
chr3	1089665	1090996	81.5
chr3	10993860	10995472	371.7
chr3	11821682	11827545	124.81
chr3	12220920	12227681	588.9
chr3	12755810	12756571	114.3
chr3	1303847	1347255	1825.3
chr3	1383392	1386327	701
chr3	1406557	1408600	519.4
chr3	14678989	14682300	168.1
chr3	1492893	1495062	622.2
chr3	15217296	15221837	335.5
chr3	1647065	1651760	517.4
chr3	1586584	1594603	455.87
chr3	1707421	1708815	366.5
chr3	17484409	17484892	98
chr3	18382006	18387747	454.4
chr3	18842881	18845061	431.3
chr3	1886320	1890658	733.52
chr3	1942585	1946913	172.3
chr3	19129355	19129866	109.3
chr3	19306863	19320537	1028.8
chr3	19295658	19296336	117.1
chr3	20362683	20364616	312.8
chr3	2140569	2149296	490
chr3	2246349	2248748	497.1
chr3	2361997	2362886	92.57
chr3	2315965	2320271	250.6
chr3	2617924	2620089	270.6
chr3	3061223	3068174	616.6
chr3	3176220	3181205	416.5
chr3	3383806	3385017	143.6
chr3	3427896	3433815	344.9
chr3	3783443	3799460	1151.8
chr3	3825054	3825907	179.2
chr3	3855113	3855937	167.9
chr3	480326	485458	792.5
chr3	4149984	4152920	311.9
chr3	4401104	4403512	641.7
chr3	4435457	4437207	462.6
chr3	4581767	4582915	201.3
chr3	4729415	4730626	290.7
chr3	510245	511907	485
chr3	5204252	5224271	1047.2
chr3	5257813	5260208	367.9
chr3	5266736	5272577	319.3
chr3	5318469	5344883	1988.49
chr3	5962576	5966893	365.9
chr3	666558	670969	424.6
chr3	672974	676716	384.4
chr3	6633690	6636084	668.3
chr3	6680090	6681974	101.9
chr3	6691248	6695113	636.4
chr3	694514	700910	717.6
chr3	732216	732994	87.1
chr3	7000365	7002283	143.7
chr3	7160206	7160624	92
chr3	7168682	7177148	460.4
chr3	7098934	7099830	268.5
chr3	7716202	7717922	303.5
chr3	7855579	7861884	453
chr3	8035065	8039075	424.3
chr3	8193865	8197771	317.3
chr3	8871016	8877200	214.9
chr3	964526	966287	360
chr3	10957848	10966723	753.1
chr3	11245867	11256848	576.8
chr3	11328049	11328738	110.1
chr3	11351171	11370162	249.5
chr3	1401984	1405678	513
chr3	1629976	1639903	602.4
chr3	1670384	1674098	781.9
chr3	1679487	1687481	330.8
chr3	16247097	16247854	111
chr3	16660732	16665951	279.6
chr3	18849232	18855037	286.7
chr3	20673627	20675427	155.4
chr3	2103761	2105718	167
chr3	2766243	2772155	651.7
chr3	2814439	2815054	190
chr3	2875731	2881957	990.7
chr3	3000569	3008399	938.3
chr3	3239820	3255319	1067.3
chr3	4471830	4472753	156.4
chr3	4630482	4636500	547
chr3	4764221	4770531	256
chr3	4833524	4838046	727.3
chr3	6033536	6036694	247.7
chr3	6356574	6364411	373.9
chr3	6572478	6583112	244.6
chr3	6699280	6705646	242
chr3	6748613	6749239	95.3
chr3	6814373	6818385	674.8
chr3	709401	713319	216
chr3	7035462	7039277	292
chr3	7415457	7415955	101.1
chr3	7904010	7907603	455.8
chr3	970994	975848	577.6
chr3	9270910	9286119	648.17
chr3	9525233	9526673	307.3
chr4	10394790	10395467	134.2
chr4	11234795	11249425	330.9
chr4	12054642	12055806	284.5
chr4	12280789	12282046	142.5
chr4	13485925	13487296	315
chr4	13657936	13659683	138.4
chr4	14477402	14478301	187.4
chr4	14573994	14575954	147
chr4	14580592	14585519	504.8
chr4	15313235	15327014	1061
chr4	15356801	15359574	618.6
chr4	15504925	15506257	275
chr4	1643334	1646711	525.4
chr4	16168276	16169246	195.8
chr4	16331946	16332492	106.7
chr4	16450662	16452259	475.8
chr4	16722151	16723499	249.2
chr4	17423978	17427465	499.3
chr4	17388084	17393750	980.9
chr4	17404306	17407797	517.2
chr4	17509283	17516734	385.8
chr4	17571553	17576991	424
chr4	17783376	17784734	264.9
chr4	17857318	17858413	183.4
chr4	1820063	1822268	514
chr4	1854525	1857205	678.3
chr4	1786418	1791274	685.4
chr4	18379179	18388825	566.4
chr4	18468126	18472285	757.8
chr4	18768022	18780218	990.8
chr4	18893368	18895794	562.2
chr4	19045132	19047124	370.6
chr4	19114179	19120797	379.8
chr4	19373553	19376800	529.1
chr4	19605551	19608196	192.4
chr4	19910373	19911484	251.9
chr4	19974097	19982572	455.4
chr4	240049	241005	236.3
chr4	19997955	19999306	315.3
chr4	20054923	20056321	256.6
chr4	20532568	20536382	461.8
chr4	20645654	20647467	448.4
chr4	2169050	2172041	242.4
chr4	2125703	2127099	135.5
chr4	2154669	2164701	365.3
chr4	21141770	21147143	404.5
chr4	21677909	21685259	966.9
chr4	21630977	21635052	338.3
chr4	21756613	21758866	443.2
chr4	2251054	2253626	357
chr4	22214801	22216834	352
chr4	22331596	22333047	203.6
chr4	22400082	22403009	354.9
chr4	2315550	2324978	531.7
chr4	23395592	23398010	615.8
chr4	23664982	23665460	90.9
chr4	23954610	23956090	349.2
chr4	2385155	2387790	305.3
chr4	2476103	2484272	873
chr4	24261012	24263582	428.9
chr4	24491240	24496782	675.6
chr4	24514781	24516258	212.9
chr4	24638470	24640638	404.6
chr4	2582401	2595865	801.6
chr4	2889340	2892160	631.6
chr4	2903882	2905759	413.5
chr4	3098034	3101050	338.9
chr4	3145629	3151569	460.8
chr4	3191970	3196617	349.9
chr4	3533473	3537613	325.7
chr4	444521	455991	377.7
chr4	466538	470146	349.9
chr4	4214994	4225125	596.5
chr4	4283737	4284626	130.7
chr4	4452755	4454928	508
chr4	4553793	4556216	611.5
chr4	4970859	4974903	691.3
chr4	503865	512320	1086.1
chr4	531312	536666	624.8
chr4	5201675	5204518	585.9
chr4	5636900	5639651	236.8
chr4	5732268	5739525	465.5
chr4	5695686	5697794	528.7
chr4	6136586	6138151	281.4
chr4	6534678	6537262	303.6
chr4	6600160	6607623	495.6
chr4	7189918	7192629	490.3
chr4	7372961	7373824	142.5
chr4	8025736	8030099	823.8
chr4	8839845	8840330	74.6
chr4	9601201	9607139	608.7
chr4	112712	124408	763.5
chr4	1195171	1197759	255.4
chr4	1263163	1265497	282.9
chr4	13343387	13363714	526.2
chr4	13679268	13681242	151.8
chr4	1403937	1408147	62.3
chr4	14118934	14129858	293.3
chr4	14203838	14206637	368.5
chr4	1514953	1524630	1043.5
chr4	15791116	15792896	249.6
chr4	16604951	16619105	248.3
chr4	1757872	1787598	1575.3
chr4	17355195	17360370	430.3
chr4	17494427	17499071	260.1
chr4	17616900	17625796	216
chr4	17787109	17792124	885.6
chr4	17816237	17822164	296.2
chr4	17951154	17955070	399.7
chr4	18745633	18748750	166.3
chr4	18806557	18811033	339.4
chr4	19323415	19328897	637.8
chr4	19406550	19407535	200.7
chr4	19834584	19836218	450.7
chr4	280085	281019	126.3
chr4	2033537	2034526	220.8
chr4	2047553	2054712	102.89
chr4	20485260	20487858	265.8
chr4	20830706	20839426	1070.1
chr4	21304070	21306411	348.6
chr4	21374137	21375359	195
chr4	21856549	21860472	400.8
chr4	22346874	22348249	233.2
chr4	22558988	22560128	163.4
chr4	23255330	23256042	148.5
chr4	23698051	23708922	303.1
chr4	24014700	24018568	81.9
chr4	24121988	24131889	418.1
chr4	24503489	24504053	102.6
chr4	24567636	24581130	309.7
chr4	2520345	2528043	629.7
chr4	2534200	2548082	2010.4
chr4	2717704	2727427	203.9
chr4	2785731	2786494	196.7
chr4	299631	300565	130.9
chr4	3609248	3613284	198.2
chr4	3596679	3599316	353.8
chr4	3778164	3790813	598.9
chr4	408223	411968	889.2
chr4	4190725	4192605	175.9
chr4	4456975	4468969	688.2
chr4	4595495	4611119	980.3
chr4	4881049	4886159	1233.1
chr4	4803570	4813742	658.7
chr4	4924716	4932715	565.9
chr4	4942008	4950586	575.3
chr4	5903649	5930329	672.1
chr4	622670	627453	558.3
chr4	6381334	6389725	574.5
chr4	871351	877705	444.5
chr4	8478096	8478485	67.8
chr4	8654946	8658306	682.1
chr4	917295	919492	345.2
chr5	984665	994323	1356.5
chr5	10302809	10306380	803.4
chr5	10492488	10496178	357
chr5	10955391	10956378	184
chr5	10994084	10997636	468.8
chr5	1193046	1201793	1261.2
chr5	12353818	12356421	456.8
chr5	1295537	1297402	317.9
chr5	1428801	1431992	418.5
chr5	16281080	16283834	195.2
chr5	16389107	16390291	302.7
chr5	16621031	16625186	269.8
chr5	1713571	1714309	157.6
chr5	1757649	1762976	369.3
chr5	17336991	17349793	904.5
chr5	17456797	17459529	240.6
chr5	17565409	17571138	841
chr5	19987192	19987581	69.6
chr5	19993262	19996000	437.2
chr5	20030395	20032709	428.1
chr5	20629231	20632691	299
chr5	20734219	20737046	695.7
chr5	22301780	22304385	526.8
chr5	22310991	22319055	497.1
chr5	22553533	22566009	1365.3
chr5	22876823	22877156	50.9
chr5	22919212	22922090	273.72
chr5	2339656	2343190	623
chr5	23264909	23267163	447.2
chr5	23523138	23526636	964.5
chr5	23728226	23737307	710.6
chr5	23761339	23768523	901.2
chr5	23786676	23789368	180.3
chr5	24958719	24961521	586.2
chr5	25092304	25095209	324.1
chr5	25166636	25169380	406.9
chr5	25406082	25411051	247.8
chr5	25383408	25391996	607.9
chr5	25437913	25446051	846.1
chr5	2619258	2623454	433.3
chr5	2656056	2658221	659.1
chr5	2780162	2781315	206.9
chr5	2697457	2701019	572.7
chr5	2859881	2863799	412.77
chr5	2866967	2868455	335.5
chr5	382624	385138	713.2
chr5	3190564	3193975	315.9
chr5	3266663	3267519	192
chr5	3360723	3363294	378
chr5	3562601	3569654	875.8
chr5	3537189	3538114	247.8
chr5	3539722	3542147	311.4
chr5	3684961	3691270	391.3
chr5	454415	458086	322.8
chr5	4030149	4030519	72
chr5	4031903	4034144	271.2
chr5	4417447	4421124	1078.6
chr5	4544277	4546666	288.4
chr5	4554281	4559740	432.6
chr5	4515433	4529271	532.6
chr5	5203521	5209771	394.7
chr5	5385901	5388904	709.9
chr5	5310639	5318802	574.8
chr5	5331638	5333922	407.8
chr5	5363270	5372750	636.8
chr5	5552805	5562016	1825.5
chr5	5744547	5747989	389.7
chr5	5848824	5859001	1310.5
chr5	669133	669740	126.7
chr5	6989195	6989766	120.8
chr5	7248801	7250857	211.7
chr5	7334805	7335924	188.8
chr5	7512474	7513659	193.3
chr5	813054	824231	539.3
chr5	8694889	8700327	835.1
chr5	939065	947922	684.4
chr5	9222998	9225917	236.9
chr5	9468637	9475333	404.5
chr5	9758997	9777784	814.4
chr5	10721342	10737566	586.4
chr5	11047554	11048338	113.1
chr5	1302315	1309791	378.4
chr5	14940480	14941222	137.5
chr5	1739281	1740717	186.3
chr5	19876065	19877880	54.9
chr5	203935	205088	197.2
chr5	20460728	20493689	495.1
chr5	21236713	21237740	115.01
chr5	21438738	21464519	554.8
chr5	21545901	21548761	154.4
chr5	21497960	21502781	531.1
chr5	2195128	2199482	670.6
chr5	2262463	2263835	221.1
chr5	22200799	22201997	214.7
chr5	22708752	22717745	115
chr5	23043162	23057261	271
chr5	23388470	23389217	66.1
chr5	23601014	23603323	402.5
chr5	23648113	23653709	860.9
chr5	24138852	24144210	305.1
chr5	24428662	24433842	354.7
chr5	24633812	24635245	310.6
chr5	24704160	24709968	511.6
chr5	25037707	25047497	657.6
chr5	25324652	25346173	371.6
chr5	25435231	25436307	153.3
chr5	2775142	2778232	439.9
chr5	2852001	2855577	660.8
chr5	2961866	2971932	1081.7
chr5	3086184	3100827	366.7
chr5	3444049	3447152	282.8
chr5	3628294	3630242	187.4
chr5	435428	437309	310.8
chr5	459684	478042	1037.6
chr5	4007360	4017469	925.3
chr5	4243912	4261181	1525.1
chr5	4495908	4502757	487.2
chr5	4868709	4873533	604.7
chr5	5339336	5347400	358.4
chr5	5562406	5566833	331.3
chr5	642681	643523	163.7
chr5	6592879	6599603	302.3
chr5	755490	757857	532.5
chr5	7020658	7023030	343.8
chr5	7209623	7215161	844.7
chr5	7455371	7457476	409.5
chr5	8075617	8090494	474.7
chr5	8586078	8587539	168.3
chr5	8681375	8682079	164.3
chr5	9227434	9230108	346.9
chr5	9712326	9715350	351.5
chr6	173145	174781	376.6
chr6	1019418	1020367	87.6
chr6	1013333	1014549	301.7
chr6	1163255	1165234	397.5
chr6	11397150	11399226	530.3
chr6	11959941	11964891	968.8
chr6	1261628	1263564	416.1
chr6	12930154	12944020	1244.6
chr6	13306364	13318029	629.9
chr6	13611786	13612483	153.9
chr6	13809881	13812441	359.51
chr6	14332794	14340906	372.6
chr6	14902226	14903871	364.8
chr6	1568993	1572584	378
chr6	16158564	16161506	358.4
chr6	16294301	16323142	630.2
chr6	16402789	16403966	118.47
chr6	16577846	16583867	260.9
chr6	16843263	16845820	657.7
chr6	1737821	1742645	385.6
chr6	17608972	17611198	335.7
chr6	17835811	17838186	551.2
chr6	18408157	18410181	241.8
chr6	18727251	18731511	737
chr6	19008482	19010840	413.6
chr6	19072263	19074119	363.4
chr6	19134937	19137863	209.3
chr6	19215596	19216497	210.3
chr6	19414251	19416604	239
chr6	19394742	19396156	438.7
chr6	19458374	19464799	624.8
chr6	19494619	19495151	90.6
chr6	19956015	19959471	521.2
chr6	19935711	19936568	209
chr6	2042018	2048080	903.2
chr6	20137877	20141559	579.4
chr6	20179052	20183153	349.8
chr6	20245298	20247428	400.9
chr6	20252203	20253385	251.3
chr6	20335135	20336088	208.9
chr6	20454382	20456344	173.9
chr6	20469617	20474556	721.3
chr6	20834816	20838557	423.3
chr6	21029349	21033196	695.9
chr6	21257684	21257911	32.8
chr6	21564099	21568844	253.9
chr6	21550194	21554499	507.1
chr6	21703746	21706193	297.6
chr6	21753203	21754389	215.8
chr6	21791737	21795089	143.6
chr6	21892228	21893775	309.5
chr6	21918281	21919567	319.5
chr6	2261363	2265684	576.3
chr6	22264582	22265910	149.4
chr6	22404837	22406692	230.8
chr6	2343817	2351189	1065
chr6	2355976	2360443	470.6
chr6	2373844	2377394	229.1
chr6	2480964	2492203	590.9
chr6	3143603	3144804	195.9
chr6	3628721	3636782	778.9
chr6	420845	424114	280.4
chr6	3981581	3982463	198.3
chr6	4043467	4049026	532.9
chr6	4580694	4584980	432.1
chr6	4508103	4517246	661.4
chr6	4642564	4643549	122
chr6	4901049	4915100	832.4
chr6	4915798	4919550	744.9
chr6	5007683	5009645	129.5
chr6	5035958	5038137	440.7
chr6	5092068	5098149	293.8
chr6	5219432	5220448	96.1
chr6	5358670	5365082	484.9
chr6	5406288	5406925	92.6
chr6	5467810	5468773	116.7
chr6	5497612	5501065	831
chr6	5653598	5657941	224.1
chr6	5674899	5678908	387.3
chr6	5894752	5900237	474.7
chr6	5944842	5946232	133.5
chr6	5949468	5950272	125.7
chr6	5953889	5956893	354.8
chr6	646791	649674	150.1
chr6	6129223	6131866	273
chr6	6203767	6205289	292.6
chr6	6239993	6241886	279.3
chr6	6295407	6298070	333.8
chr6	6318730	6320895	650.1
chr6	6383252	6383935	102.6
chr6	6350847	6353666	255.4
chr6	6462011	6464943	335.6
chr6	6493056	6493809	193
chr6	6689152	6691433	322
chr6	6811143	6813656	419.3
chr6	7113450	7116713	429.5
chr6	7234053	7239626	805.9
chr6	7249134	7254740	624.5
chr6	7387494	7391160	219.64
chr6	7646307	7647087	54.9
chr6	7666570	7669058	678.9
chr6	7687225	7693949	397.8
chr6	7832550	7858088	1019.3
chr6	8036792	8038426	442.1
chr6	8547993	8549574	275.2
chr6	8682083	8684733	335
chr6	8833653	8834343	169.7
chr6	8929726	8936242	557.7
chr6	935239	937541	380.6
chr6	957085	959216	378.4
chr6	9072742	9076751	323.6
chr6	9099736	9101975	323.7
chr6	9232266	9234114	320
chr6	9386600	9402192	276.9
chr6	1036262	1052396	797.1
chr6	11606590	11608607	607.8
chr6	1190036	1199660	890.2
chr6	14437193	14438307	48.7
chr6	15258531	15263528	383.9
chr6	15453434	15475842	554.2
chr6	1640723	1645913	137.5
chr6	16141028	16146291	676.5
chr6	16211188	16211579	56.9
chr6	1779031	1781756	545.3
chr6	17173238	17175427	546.5
chr6	18212171	18213895	83.6
chr6	18228614	18238847	311.9
chr6	18239327	18246859	163.8
chr6	19802649	19812121	1051.5
chr6	227806	247408	384.1
chr6	20201065	20212994	760.3
chr6	20588591	20591798	38.78
chr6	20725487	20744742	222.4
chr6	2129332	2132612	610.9
chr6	21193909	21194695	100.3
chr6	21584009	21588212	272.3
chr6	2311687	2335182	720.9
chr6	2533809	2545656	212.4
chr6	2781427	2782453	243.6
chr6	2899166	2904258	452.1
chr6	300254	307075	304.5
chr6	2996134	3008454	393.7
chr6	3387421	3390968	193.1
chr6	3442730	3447987	761.9
chr6	3914150	3919213	292.6
chr6	4063745	4095899	378.4
chr6	4132672	4142149	652.8
chr6	4229005	4240241	416.2
chr6	4261656	4262529	175.9
chr6	4475856	4485459	1044.9
chr6	4771664	4779276	1626.4
chr6	4873529	4882021	863
chr6	562362	584519	2239
chr6	511740	518311	246.7
chr6	5025060	5030620	262.3
chr6	5040423	5055165	325.3
chr6	5877558	5881744	814.4
chr6	6257494	6257928	74.9
chr6	6363710	6364621	118.6
chr6	6420656	6421050	67.4
chr6	6562730	6571548	155
chr6	6799993	6807082	555.6
chr6	6883898	6887201	572.2
chr6	6935383	6943026	877.7
chr6	769108	772991	639.4
chr6	7756433	7760263	652.9
chr6	7804337	7816203	1165.8
chr6	7922049	7927514	290.4
chr6	7936977	7943226	415.5
chr6	8277392	8279621	543
chr6	8895100	8917229	732.7
chr6	9054559	9071149	844.5
chr6	9144351	9153072	391.1
chr7	1040649	1042417	378.6
chr7	1111634	1117998	750.2
chr7	11955287	11960024	393.5
chr7	12252043	12253077	82.6
chr7	1288466	1294416	729.2
chr7	1347285	1353678	352.1
chr7	13855024	13861810	390.3
chr7	1427583	1431290	722.6
chr7	15254123	15259623	376.2
chr7	15302015	15305625	496.2
chr7	15525642	15532104	368.1
chr7	1603147	1604765	366.5
chr7	16551996	16552754	185.5
chr7	16863542	16867116	631.6
chr7	1768842	1774940	950.5
chr7	17080320	17089144	382.54
chr7	17146281	17147178	173.1
chr7	17274361	17274730	89.2
chr7	17282465	17283003	60.9
chr7	17299758	17300375	114.5
chr7	17512594	17513816	272.6
chr7	17811429	17824426	1218.2
chr7	1855979	1858824	403
chr7	18083159	18088841	774.2
chr7	18463943	18469848	1044.5
chr7	18929818	18932991	594.3
chr7	1897779	1898488	113.6
chr7	19106715	19109486	399.5
chr7	19404718	19407366	444.4
chr7	19488114	19491052	219.5
chr7	19499295	19501105	463.6
chr7	19507719	19509270	408
chr7	19633383	19637966	471.5
chr7	19802723	19803941	202.2
chr7	205680	210649	860.8
chr7	20078311	20081181	323.5
chr7	20124445	20125905	36.8
chr7	20113828	20121198	223.1
chr7	20388491	20389863	329.8
chr7	20823458	20834400	606.9
chr7	20906767	20910240	781.8
chr7	20934356	20942826	872.4
chr7	2124121	2126096	368.9
chr7	21156795	21157519	74.3
chr7	21214435	21215448	180.57
chr7	21652753	21654479	339.9
chr7	21979340	21982960	408.5
chr7	2196235	2199722	496.3
chr7	22476897	22481998	215.9
chr7	22411775	22412969	254.3
chr7	22551656	22552641	196.7
chr7	22620731	22624615	291.6
chr7	22635088	22642163	648.5
chr7	22765681	22770196	1032.1
chr7	22902506	22905898	431.4
chr7	2337845	2340318	632.1
chr7	23036553	23039891	526.2
chr7	23190937	23194929	170.4
chr7	23507428	23510133	553.4
chr7	23696195	23705433	614.3
chr7	23847778	23848464	162.1
chr7	23975102	23981599	399.7
chr7	23954925	23955796	111.8
chr7	2434490	2440143	690.97
chr7	24266001	24269745	781.7
chr7	24327877	24328329	90
chr7	24366404	24371060	678.2
chr7	24741412	24745107	345.1
chr7	24957628	24980700	939.2
chr7	25286853	25292724	630.7
chr7	25408200	25423609	808.3
chr7	25933916	25941832	722.5
chr7	2658724	2661548	387.2
chr7	26086689	26089903	425.5
chr7	26171687	26174388	395.9
chr7	26306794	26315858	398.8
chr7	26317857	26324673	357.1
chr7	26753323	26757219	195
chr7	26828324	26833211	840.4
chr7	26892941	26894566	429.1
chr7	26929916	26942915	569.2
chr7	27051240	27052530	151.8
chr7	2806064	2810457	371.1
chr7	2820231	2821296	200.6
chr7	2941625	2950908	746.3
chr7	2922404	2923546	189.6
chr7	3031416	3051175	804.8
chr7	3161587	3164639	504.4
chr7	3199962	3200993	199.3
chr7	3290198	3296949	556.6
chr7	3510060	3511571	131.7
chr7	3797213	3811721	1172.1
chr7	4009996	4011394	338.4
chr7	4011505	4013054	349.1
chr7	4263503	4265806	217.3
chr7	4798327	4800149	454
chr7	4841119	4845701	389.1
chr7	4926882	4928134	330.7
chr7	4970993	4987060	1499.2
chr7	561389	562666	75.6
chr7	5125352	5126360	264.2
chr7	5281887	5285179	565
chr7	5422088	5423954	319.8
chr7	5443425	5444603	135.3
chr7	5534094	5538473	253.2
chr7	6077814	6083735	303.5
chr7	6270669	6272055	382.4
chr7	6295650	6299621	589.5
chr7	6944094	6952090	1188.5
chr7	686757	688988	305.1
chr7	7058709	7060601	163.8
chr7	7342934	7346176	361.8
chr7	7423853	7426901	514.3
chr7	7763613	7765501	217.37
chr7	7849583	7857437	524
chr7	7916891	7928288	1633.8
chr7	867952	871818	213
chr7	8169444	8179209	531.4
chr7	8199916	8200908	220.2
chr7	8377431	8378777	226.8
chr7	906413	912884	389.88
chr7	963977	970225	1072.7
chr7	1150837	1152357	63.4
chr7	1176898	1178421	63.6
chr7	11419795	11420706	179.4
chr7	12433910	12452358	1988.5
chr7	12628224	12628958	101.1
chr7	1295512	1304036	1678.9
chr7	13761182	13764945	645.3
chr7	13862699	13882353	713.7
chr7	13965177	13979361	431.2
chr7	1424367	1424894	86.2
chr7	14434521	14442731	212.7
chr7	14733506	14736405	71.3
chr7	15790818	15792833	76.6
chr7	16260332	16261783	328.2
chr7	16273370	16274060	125.1
chr7	16417283	16423664	360
chr7	17159842	17163247	574.4
chr7	17584513	17585128	177.8
chr7	17656094	17672129	306.1
chr7	17740378	17743365	195.7
chr7	17898555	17902232	275.9
chr7	18442638	18446788	459.6
chr7	18496717	18497468	99
chr7	18620325	18626872	454.5
chr7	18766598	18768305	340.2
chr7	18701082	18702767	156.2
chr7	18755455	18757242	332.5
chr7	19147354	19149809	217.9
chr7	21590397	21594608	262.7
chr7	2272927	2274946	245.3
chr7	22112701	22114999	442
chr7	22229321	22253191	536.7
chr7	22541716	22544678	396.3
chr7	22789006	22799040	344.8
chr7	22941504	22942265	148.1
chr7	23011492	23022134	584.9
chr7	23171613	23174604	396
chr7	23144557	23149852	510.2
chr7	23960775	23973861	447.7
chr7	24187243	24195458	356.9
chr7	24687706	24695062	293.4
chr7	24717897	24722901	890.3
chr7	25173086	25188604	539.7
chr7	25348257	25354366	119.7
chr7	25435882	25460595	735.8
chr7	25787845	25791504	186.4
chr7	25804968	25822418	87.6
chr7	26459302	26460827	184.42
chr7	27246974	27259208	218.3
chr7	2924119	2936703	1018
chr7	357740	371709	455
chr7	3098063	3111390	788.7
chr7	3219255	3220613	249.1
chr7	4385352	4388438	286.5
chr7	4792476	4794572	113.6
chr7	4905035	4907833	600.8
chr7	588897	599143	533.2
chr7	6654693	6655565	209.3
chr7	7375737	7377588	302.9
chr7	795528	805753	815.9
chr7	8329859	8333710	282.3
chr7	9471760	9481971	517.5
chr8	10017306	10027370	363.9
chr8	10519375	10524522	605.9
chr8	10751200	10767893	1087.7
chr8	10959357	10966349	452.1
chr8	10916554	10919380	540.1
chr8	11071908	11072905	172.4
chr8	11152008	11153375	92.9
chr8	11103979	11105822	61.1
chr8	11543729	11548292	302.6
chr8	11663605	11668426	650.37
chr8	12066763	12067498	149.9
chr8	12337076	12337877	68.2
chr8	12353703	12357801	511.2
chr8	12481872	12483908	428.9
chr8	12462743	12466197	251.8
chr8	12522903	12523888	158.9
chr8	12610728	12612008	170.7
chr8	12759702	12765921	367
chr8	13002773	13005269	292.5
chr8	13449707	13458504	713.7
chr8	13496698	13503880	669.6
chr8	13687915	13688562	143.2
chr8	13704179	13711258	971.6
chr8	13976798	13980000	612.6
chr8	14097698	14106636	741.5
chr8	14111061	14114017	396.4
chr8	14133496	14134476	108.3
chr8	14202363	14207507	360.4
chr8	14258308	14259698	276.1
chr8	14329845	14332542	321.5
chr8	14570103	14574059	646.7
chr8	14632914	14634558	330.67
chr8	14724526	14728399	542.9
chr8	14806957	14810201	417.4
chr8	14829559	14830127	107.8
chr8	14883424	14884506	277.1
chr8	14901372	14905942	558.27
chr8	14959862	14961835	390
chr8	15252464	15262091	809.8
chr8	15658187	15661435	533
chr8	15589066	15594659	948.7
chr8	15692963	15695832	500
chr8	15886263	15889477	301.9
chr8	16104649	16108590	333.8
chr8	16134484	16135518	190.4
chr8	16341421	16351221	269
chr8	16389596	16392336	561.3
chr8	16637905	16649903	341.5
chr8	16849076	16855208	539.4
chr8	1739562	1740944	254
chr8	17384192	17389244	498
chr8	17322981	17333270	541.6
chr8	17491594	17497776	489.6
chr8	17623718	17629183	461.8
chr8	17734902	17736541	268.9
chr8	17726008	17728598	479.3
chr8	17823980	17829394	323.8
chr8	18098827	18101363	611.3
chr8	18270607	18280725	804.8
chr8	18335856	18342504	528.7
chr8	18452378	18458208	603.6
chr8	18735937	18739388	359.9
chr8	18789166	18790780	210
chr8	1954292	1955632	207.1
chr8	19380580	19380955	47.5
chr8	19298897	19304639	447.8
chr8	19388066	19394456	362.6
chr8	19416469	19426112	424.2
chr8	19753404	19757124	571
chr8	19876436	19877744	352.6
chr8	197534	198346	127.6
chr8	2011957	2020522	720.7
chr8	20161073	20170518	1523.4
chr8	20271134	20273140	292.7
chr8	20227632	20232825	393.2
chr8	20249771	20252641	492.5
chr8	20381976	20383887	330.2
chr8	20388576	20393353	295.5
chr8	20410878	20413492	428.8
chr8	20759125	20766618	405.7
chr8	20711429	20716627	478.1
chr8	20732292	20735199	473.8
chr8	20867850	20869701	467.4
chr8	20916467	20918421	367
chr8	20943994	20950020	692.6
chr8	21080256	21085540	294.4
chr8	21123196	21125121	413.14
chr8	21262574	21284093	823.5
chr8	21404858	21406844	262.64
chr8	21435365	21441976	432.8
chr8	21399783	21404552	486.5
chr8	22044452	22045406	210.1
chr8	22209672	22212137	502.2
chr8	22257777	22268453	852
chr8	22309650	22314754	327.6
chr8	22337733	22340537	561.9
chr8	22412485	22414317	362.3
chr8	2775594	2784923	735.3
chr8	3009626	3011132	100.5
chr8	425366	427024	398.6
chr8	397895	399047	290.8
chr8	3970392	3987723	395.5
chr8	4072139	4073228	432.2
chr8	5505244	5505935	114.5
chr8	7561602	7570397	411
chr8	7570667	7572625	276.2
chr8	7949572	7957223	427.3
chr8	850026	856311	445.1
chr8	8224006	8229550	844.5
chr8	8808982	8812223	375
chr8	9337852	9340351	298.8
chr8	9309704	9311430	228.4
chr8	9520774	9524620	448.1
chr8	9796064	9798900	530
chr8	1070082	1072885	562.2
chr8	10345374	10349893	416.2
chr8	10866517	10869534	319.2
chr8	10943294	10949012	254.3
chr8	11218409	11226909	444.6
chr8	11323642	11328788	345.9
chr8	11367705	11377213	893.6
chr8	11431098	11432157	213.8
chr8	1274122	1282439	488.3
chr8	12099241	12100705	256.9
chr8	12194173	12204771	391.6
chr8	12766900	12786356	602.6
chr8	12927192	12929336	295
chr8	13040811	13045913	360.8
chr8	13016368	13017137	164.7
chr8	13482043	13492255	656.4
chr8	13625677	13635858	981.5
chr8	13637578	13638263	170.5
chr8	13661469	13668349	583.7
chr8	13937386	13939549	397
chr8	1408164	1427406	597.8
chr8	13991631	13999814	385.2
chr8	14666255	14683422	608.4
chr8	14690720	14703273	632.4
chr8	14974705	14977948	515.2
chr8	15007365	15009756	539.5
chr8	15119883	15123486	299.3
chr8	15437068	15438057	249
chr8	15448746	15452293	391.5
chr8	16115981	16119358	688
chr8	16287087	16290480	489.5
chr8	16467692	16474287	225.6
chr8	16675006	16676892	146.9
chr8	16821783	16823995	518.7
chr8	16953611	16959247	374.2
chr8	1715322	1716401	98.9
chr8	16964376	16984375	1073.4
chr8	17534704	17539672	378
chr8	17999507	18004023	970.2
chr8	18015359	18020189	443
chr8	18123837	18136271	342.5
chr8	18196090	18203773	733.8
chr8	18222930	18224027	285.3
chr8	18353600	18359174	562.4
chr8	18326157	18334458	733.9
chr8	18459823	18461327	308.6
chr8	18542149	18570063	776.8
chr8	18837066	18842373	330.8
chr8	19001582	19007594	595.1
chr8	19153592	19158341	987.3
chr8	19247038	19269677	697.8
chr8	19649941	19650841	157.4
chr8	19847281	19849946	461.2
chr8	2031412	2037766	878.3
chr8	20433357	20443453	1277.2
chr8	20687994	20695490	986.7
chr8	20837219	20841101	658.7
chr8	20852129	20854055	172.1
chr8	20856657	20861205	285.3
chr8	20968779	20973534	786.52
chr8	20997662	20999743	367.7
chr8	21050014	21068109	1000.6
chr8	21089437	21090240	92.9
chr8	21159838	21164086	581.2
chr8	21253130	21259371	711.8
chr8	21285529	21290449	203.7
chr8	21353250	21359502	1025.8
chr8	21784017	21787810	1079.5
chr8	21838560	21851454	197.5
chr8	22354945	22372751	1634.3
chr8	22538200	22545277	670.6
chr8	341959	344659	378.7
chr8	365603	379390	881.1
chr8	4431368	4436465	428.1
chr8	5450899	5455968	323.1
chr8	7406563	7411261	304.8
chr8	7442406	7445651	304.5
chr8	7411639	7412547	240.3
chr8	7716569	7721073	356.08
chr8	7774880	7776207	221.2
chr8	8085965	8093478	474.1
chr8	896537	905101	451.7
chr8	9266289	9271778	332.9
chr8	9333733	9335598	416.7
chr8	9483513	9485661	370.5
chr8	9392937	9394187	179.7
chr8	9779791	9780714	102.7
chr9	172876	178109	357.6
chr9	10535010	10538843	271.5
chr9	11493724	11502171	925.2
chr9	1271485	1282085	599.8
chr9	11997104	11998743	400
chr9	13415209	13420200	884.2
chr9	1383345	1391154	490
chr9	1461416	1462243	123.7
chr9	14049300	14056671	528.3
chr9	14605164	14608298	130.7
chr9	1503983	1507098	228.1
chr9	1560169	1567261	661
chr9	16470161	16471580	170.5
chr9	16741197	16741945	197.8
chr9	16982079	16982402	43.7
chr9	17266263	17270544	369.9
chr9	17906812	17907904	55.7
chr9	17962542	17962984	90.6
chr9	1873881	1883629	605.2
chr9	18105531	18107493	343
chr9	18481127	18484907	269.4
chr9	18797754	18803065	424.4
chr9	1916907	1917253	61.6
chr9	19147820	19149068	263.5
chr9	19215452	19216080	101.97
chr9	19788152	19790520	527.6
chr9	19943952	19953889	893.5
chr9	2066247	2067876	256.2
chr9	20196069	20201147	733.9
chr9	20346711	20350400	481
chr9	20609579	20614373	770.3
chr9	20762592	20765283	156.5
chr9	20831658	20832517	133.9
chr9	20834064	20837438	320
chr9	20942381	20942872	60.4
chr9	2090923	2101662	415.2
chr9	2116851	2122596	305.5
chr9	2154047	2156992	284.6
chr9	2169069	2171905	742.9
chr9	21507429	21511062	461.7
chr9	21891862	21897516	584.27
chr9	21903891	21913468	736.6
chr9	21916538	21919076	680.4
chr9	22215148	22216727	175.3
chr9	22418731	22420791	113.5
chr9	22579120	22596495	733.5
chr9	22697034	22698078	176.7
chr9	22838449	22843815	199.3
chr9	2657413	2661441	373
chr9	2969291	2971741	224.1
chr9	2972635	2977987	267.3
chr9	2902515	2906817	595.5
chr9	2908925	2912475	699.8
chr9	384176	385893	366.1
chr9	279355	290739	1958.3
chr9	3038126	3041357	573
chr9	3156274	3165895	1173.9
chr9	3253033	3265592	491.9
chr9	3279162	3284055	600.3
chr9	3357005	3359316	375.4
chr9	3602030	3602960	222
chr9	3709646	3711419	189.4
chr9	3967463	3972086	865.8
chr9	397987	399774	377.5
chr9	402392	404657	376.4
chr9	460468	463598	412.1
chr9	440346	441261	184.5
chr9	4032854	4033860	203.7
chr9	4146230	4149277	585.6
chr9	4218549	4219553	98.5
chr9	4297514	4302372	689.6
chr9	4378540	4395106	985.8
chr9	4430415	4440167	949.8
chr9	4519319	4522326	320
chr9	4763802	4809248	991.2
chr9	4813744	4820107	649.6
chr9	4874400	4878732	467.6
chr9	4932817	4939230	242.4
chr9	5115455	5120496	967.4
chr9	5121215	5122897	325
chr9	5146178	5151356	970.9
chr9	5222056	5223747	313.7
chr9	5544579	5551370	348.3
chr9	5561605	5562816	177.9
chr9	5923312	5924966	261.7
chr9	5954701	5957733	499.6
chr9	620708	627636	623.3
chr9	676431	679375	270.4
chr9	6298771	6300782	234.5
chr9	6407217	6412931	208.8
chr9	6445697	6450592	476.44
chr9	6487839	6490850	249.6
chr9	6687576	6688343	191.2
chr9	6594707	6602458	326.5
chr9	6657613	6658773	335.3
chr9	717972	723851	405
chr9	738862	740548	306.2
chr9	775868	776605	127.1
chr9	7155308	7157230	118.8
chr9	7604690	7617351	1703.7
chr9	841017	844429	397.4
chr9	9571461	9574411	304.6
chr9	9871368	9877627	568.1
chr9	122386	123999	149.5
chr9	146722	157289	673.1
chr9	10510537	10514632	306.1
chr9	1186244	1187543	170.3
chr9	11783735	11786271	360.1
chr9	11965664	11966426	185
chr9	1217292	1218203	133.9
chr9	13926130	13927556	175.4
chr9	1439669	1442547	111.7
chr9	14871227	14872632	44.9
chr9	1521447	1522267	195.3
chr9	15031660	15034090	155.6
chr9	1659917	1666449	815.1
chr9	16237164	16237824	80
chr9	16471790	16485082	685.1
chr9	16771978	16779600	183.2
chr9	1671254	1692555	1330.7
chr9	17929600	17930494	234
chr9	18139788	18144395	698.7
chr9	18966216	18973289	929.7
chr9	1985670	1986098	37.6
chr9	18995015	19000505	338.1
chr9	19086534	19092565	343.9
chr9	19484823	19500237	740.8
chr9	19525638	19533554	111.1
chr9	19593228	19597310	80.3
chr9	242348	243999	287.2
chr9	184630	192390	670.7
chr9	2007908	2019142	838.1
chr9	2027536	2032207	682.7
chr9	2034688	2042148	974.5
chr9	20335728	20340071	272.6
chr9	21578785	21587186	243.3
chr9	21647409	21671924	1163
chr9	21856795	21860558	236.2
chr9	22125161	22134333	867.7
chr9	22441594	22446842	805.9
chr9	22905014	22906405	343.8
chr9	22906557	22909814	662.6
chr9	2321179	2337473	734.7
chr9	2277212	2298367	287.4
chr9	2920353	2923465	194.9
chr9	3370492	3378448	902.6
chr9	3727254	3737472	393.7
chr9	3924059	3925457	351.7
chr9	3925542	3932321	300.6
chr9	413686	425857	937.8
chr9	4021025	4022207	61.7
chr9	4304852	4309061	211.9
chr9	4486542	4490808	611.6
chr9	4542926	4556038	587.3
chr9	4670594	4674839	616.2
chr9	488405	502710	1648.2
chr9	553752	562177	471.4
chr9	5095540	5096187	90.2
chr9	5099033	5106544	1318
chr9	5183402	5184751	229.7
chr9	5259145	5266469	1384.8
chr9	5335483	5343768	1555.3
chr9	5833090	5836080	243.3
chr9	5894737	5916654	383.2
chr9	6433853	6435228	182.3
chr9	6678879	6686076	1046.4
chr9	6731480	6735224	325.5
chr9	6878960	6883836	361.2
chr9	6876482	6878883	604.6
chr9	6908674	6910680	164.2
chr9	7074046	7079137	303
chr9	7959405	7959963	137.3
chr9	853863	867259	1167.5
chr9	8048121	8048934	73.2
chr9	9824665	9828274	269.7
chrUkn	10010150	10010956	194.9
chrUkn	11713296	11719239	1206.1
chrUkn	12321348	12323512	182.9
chrUkn	12677892	12683392	500.2
chrUkn	13607480	13612062	728.2
chrUkn	14354489	14364219	1247.9
chrUkn	14632878	14636490	287
chrUkn	15940769	15941576	135.8
chrUkn	16623806	16631396	669.5
chrUkn	16645460	16646358	91.7
chrUkn	16684236	16686840	192.8
chrUkn	17342760	17345603	528.1
chrUkn	17208781	17230663	441.5
chrUkn	17415630	17416047	84.2
chrUkn	20399555	20400546	204.6
chrUkn	20931997	20934908	249.1
chrUkn	20940287	20948747	852.7
chrUkn	21216382	21217337	201.4
chrUkn	21571900	21575455	438.7
chrUkn	21647941	21651137	144.8
chrUkn	23127704	23130045	312.5
chrUkn	23244358	23249140	276.9
chrUkn	24327918	24329482	334
chrUkn	25123049	25125393	194.3
chrUkn	25296661	25299544	349.8
chrUkn	25730792	25732863	144.6
chrUkn	27034560	27036279	307.6
chrUkn	4273910	4276273	433.7
chrUkn	6016455	6018566	235.8
chrUkn	7710523	7711623	239.7
chrUkn	7812090	7813033	194.7
chrUkn	7979365	7983481	601
chrUkn	8630607	8631744	112.2
chrUkn	12884754	12886660	150.9
chrUkn	14536023	14537564	184.1
chrUkn	17131147	17136851	496.4
chrUkn	18233107	18235805	161.5
chrUkn	22704654	22705549	215.1
chrUkn	23510347	23513276	218.1
chrUkn	7345925	7348940	91.7
chrUkn	9366005	9366679	103
chrUkn	9558949	9559771	198.8
chr1	24169276	24178585	538.1
chr10	2401053	2401955	257.8
chr10	340614	343660	453.2
chr10	4176773	4177545	71
chr10	4760584	4760914	64.3
chr10	6705806	6708162	40.5
chr10	7256220	7269448	479.3
chr10	8806409	8810936	386.1
chr11	13288927	13310959	67.6
chr11	19247503	19248361	201.6
chr12	11241768	11242751	98.2
chr12	18150897	18152072	261.3
chr12	4723804	4727554	338.3
chr12	6838593	6843578	686.7
chr12	9263854	9267451	715.1
chr13	11333036	11351029	549.4
chr13	11793221	11796152	87.8
chr13	14790587	14805665	657.6
chr13	15509191	15510205	56.6
chr13	21810830	21822443	53.1
chr13	22322157	22324912	161.5
chr13	23862354	23867081	634.9
chr13	23893607	23897321	233.2
chr13	24758851	24759412	37.4
chr14	1214106	1215161	167.5
chr14	19247015	19248424	502.8
chr14	23047748	23050025	237.5
chr14	24654644	24655932	286.3
chr14	29167300	29178331	606.7
chr14	7924431	7935640	638.4
chr15	13959948	13965152	206.6
chr15	2478100	2478993	106.4
chr15	2903655	2930856	1005.9
chr16	18563588	18564392	145.5
chr16	18830625	18830873	35.1
chr16	19451173	19456539	56.6
chr16	875354	881140	617.4
chr17	11511148	11512218	285.7
chr17	13268243	13279152	150
chr17	3560138	3560800	89.9
chr17	3585510	3587508	516.3
chr17	5468900	5471308	84.1
chr17	6153703	6161613	656.4
chr17	6480460	6488312	265.3
chr17	7232554	7241351	1409.2
chr18	10395329	10398495	770.1
chr18	11169578	11174178	634.4
chr18	12457196	12463474	445.7
chr18	21374380	21380053	1027.1
chr18	24667364	24672603	167
chr18	331322	332668	324.6
chr18	30596205	30596944	132.1
chr18	33990816	33992561	209.9
chr18	5122427	5123595	155.4
chr18	7474694	7475295	141.3
chr19	4312138	4313014	133.2
chr19	4319024	4320099	68.3
chr19	7199127	7201188	357.7
chr2	17748468	17758048	525.9
chr2	4599874	4604247	139
chr2	7950215	7952536	433.4
chr2	8235205	8250831	560.2
chr3	7518242	7528657	237.6
chr3	9142153	9146092	152.5
chr4	17609927	17611226	143.7
chr4	18856203	18857225	59.79
chr4	21576575	21577508	156
chr4	4593672	4594623	90.1
chr4	809940	810293	89.3
chr5	18720657	18721616	111.8
chr5	1959231	1962500	139.5
chr5	25526692	25531350	268.4
chr5	2823756	2829856	225.2
chr5	2972339	2979466	580.4
chr5	5319334	5325699	176.8
chr5	9402566	9405347	134.2
chr6	19143359	19161193	131.64
chr6	411285	413276	528
chr6	5178691	5187607	276.1
chr6	5647336	5652600	645.1
chr7	1730006	1746340	662
chr7	23598046	23603951	714.37
chr7	3713340	3720248	1151.7
chr7	8760491	8774725	145.3
chr8	12322908	12330457	65.3
chr8	16062637	16067457	81.3
chr8	18591641	18599145	136.4
chr8	5337953	5356881	58
chr9	19954785	19959121	95.6
chr9	249168	256100	606.6
chr9	21408954	21412599	528.1
chr9	21415967	21419700	253.7
chr9	5874820	5882808	726.5
chr9	901447	904133	156.1
chrUkn	20987165	20988062	91.3
chrUkn	26145756	26149905	110.9
chrUkn	5502597	5503511	42.8
