chr13	22389885	22390468	114.1
chr6	8182512	8183334	158.5
chr3	14141812	14142405	139
chr16	2435469	2436211	53.7
chr6	6689600	6690255	106.9
chr10	7366526	7367132	160.1
chr3	5827512	5828529	182.8
chr19	7286378	7287461	150
chr12	1468035	1468365	64.3
chr8	22437517	22439040	300.9
chr2	2368281	2368816	132.8
chr2	2368281	2369151	166.6
chr9	4939196	4940127	224.4
chr7	15614713	15615172	76.9
chr15	14675751	14677019	305.1
chr17	4407135	4408375	282.6
chr17	9720169	9720912	118.6
chr1	2281544	2282391	245.6
chr4	9697612	9698226	125.7
chr4	9697597	9698083	126.2
chr9	3280971	3282687	315
chr6	5628948	5629757	118.8
chr1	17672783	17673388	118.8
chr14	28220983	28223210	157
chr14	28222201	28223210	192.3
chr11	747095	748150	250.3
chr8	15244131	15245729	301.2
chr8	15261072	15261657	120.3
chr6	4150408	4151635	268.1
chr18	27937272	27937627	66.2
chr14	29750391	29752652	428.9
chr18	19411322	19412103	114.7
chr9	12987781	12989649	366.7
chr9	12987781	12989649	395.9
chr4	7704540	7705596	66
chr11	2177424	2178252	160.3
chr16	22253166	22254687	306.1
chr13	2900275	2900887	128.5
chr5	7897373	7898087	149.7
chr18	576181	576567	70.2
chr1	7582711	7582986	58.4
chr8	17857952	17858353	110.4
chr4	12923124	12924992	510.8
chr4	7394556	7404359	112.5
chr8	11127176	11130415	100.7
chr17	995706	996320	123
chr19	12760356	12760683	45.5
chr6	16635860	16637081	315.5
chr7	25289722	25290933	281
chr14	28582660	28583865	204.3
chr12	19667537	19667860	52.8
chrUkn	18186914	18188341	258.6
chr5	2203587	2204873	226.24
chr3	3519109	3519539	75.6
chr8	22256683	22257777	179.54
chr18	4234285	4234818	125.3
chr13	8923432	8924176	214
chr1	7583134	7583884	150.8
chr13	4490364	4490641	68.3
chr19	9076790	9077134	77.9
chr5	6217956	6220177	468.4
chr1	2427680	2428256	152.2
chr18	19957161	19957825	232
chr3	3427791	3428204	82.4
chr11	2405447	2405869	101.5
chr2	5077795	5078177	152
chr7	21683174	21684798	277.6
chr10	8406001	8406824	203.2
chr13	4764833	4765342	94.2
chr4	1298027	1298760	178.2
chr17	1619827	1620167	64.8
chr7	3228467	3228823	66.9
chr4	17354823	17355246	113
chr2	6744668	6745870	212.6
chr7	22631182	22631662	100.67
chr3	18786847	18788054	183.3
chr13	25676814	25677757	199
chr9	14092719	14093670	185.3
chr5	4485110	4486017	181.3
chr19	1364780	1365390	90.1
chr3	3268392	3269156	181
chr11	6602868	6604194	291.17
chr7	4838522	4839802	222.05
chr1	12653767	12654178	96.4
chr17	17734636	17735086	91.5
chr7	10499560	10500226	142.3
chr1	20679494	20680352	165.4
chr16	19288023	19288432	127.8
chr18	14116887	14117166	73.7
chr14	6693503	6693790	57.8
chr19	1670648	1672252	290.3
chr11	8146629	8147287	125.2
chrUkn	4896161	4896665	109.8
chrUkn	4896161	4896584	119.5
chr8	8812001	8813275	264.9
chr16	2506731	2511001	71.9
chr16	22868512	22869280	140.76
chr14	3166290	3167125	111.64
chr14	11326459	11326838	57.6
chr4	24492136	24492717	150.5
chr4	17958101	17958423	35.3
chr15	16690522	16691518	176.3
chr14	22341686	22342342	112.6
chr7	21938800	21940351	231
chr10	8572975	8573312	52.9
chr10	8572957	8573312	52.9
chr9	3195341	3196070	132.75
chr6	7113857	7114502	105
chr12	9587725	9588093	67
chr1	11162580	11162973	68.1
chr17	3938092	3938921	145.3
chr19	6300308	6300948	120.2
chr6	5406365	5407106	129.8
chr4	19372526	19374068	99.4
chr17	574750	575378	136.3
chr6	13405170	13406098	119.01
chr7	6909453	6909947	83.75
chr4	19602528	19603114	114
chr15	16686779	16687157	79.1
chr18	23408961	23410908	56.3
chr8	12075444	12103539	397.2
chr8	12075444	12103539	253.7
chr8	12075204	12103539	343.3
chr8	12075283	12103653	155.5
chr8	12965154	12965720	102
chr3	5953563	5954302	146.1
chr13	6031941	6033833	459.2
chr14	21436341	21438224	384.6
chrUkn	26136385	26137221	155.4
chrUkn	19837049	19837472	136.8
chr17	13568553	13569226	161.31
chr18	29647004	29665275	157.03
chr1	23720053	23720895	149.1
chr13	2745400	2746569	224.6
chr6	6360285	6361218	174.2
chr6	6360285	6361218	176.87
chr6	6360238	6363904	663.5
chr4	4008448	4009908	150.3
chr12	9874766	9875484	164.4
chr3	6179642	6179917	42.9
chr14	25993587	25995195	331.1
chr4	17359590	17360001	90.8
chr17	12941664	12942059	47.8
chr7	3765252	3766478	237.6
chr14	19703380	19704159	194.5
chr5	2406040	2407098	226.7
chr6	1879447	1879929	71.6
chr17	375909	376649	152.6
chr13	5703818	5704660	156.9
chr9	1639936	1640588	118.5
chr13	2791976	2794725	154.2
chr8	10242789	10243491	148.1
chr8	17735873	17736541	112.3
chr7	2713235	2713663	141.5
chr7	2712251	2713260	143
chr5	6545716	6546068	91.2
chr5	5706098	5706592	103
chr5	3707079	3707707	142.8
chr2	2249103	2249824	143.2
chr7	4905473	4906095	101.7
chr14	22621278	22622048	133.9
chr18	14650487	14651178	80.2
chr1	19321462	19325540	364.6
chr1	19321462	19325540	201.5
chr1	19326984	19327892	196.2
chr1	19321462	19327892	192.1
chr17	9692729	9694053	319.5
chr16	22412903	22414465	321.4
chr9	7231096	7231895	174.1
chr8	14033854	14034141	36.6
chr5	2780226	2781315	320.8
chr2	4123477	4135652	330.7
chr8	21353250	21354378	241.3
chr19	1840877	1842452	307.7
chr9	16377239	16380167	142.7
chr9	16377239	16380167	123.2
chr9	16377239	16378007	139.6
chr8	11321394	11321944	109
chr18	6090391	6092187	302
chr13	27654585	27655217	155.7
chr18	12979138	12979952	212.1
chr15	19638548	19640310	399
chr10	10333303	10334031	165.8
chr10	10332903	10333738	187.3
chr14	24482675	24483368	123.29
chr17	8328404	8329347	178.59
chr13	27655811	27657296	311.85
chr1	3027024	3028873	320.5
chr1	3027024	3028873	398.6
chr19	3071154	3075226	174.4
chr6	15403867	15404667	154.2
chr18	320961	321413	86.3
chr8	9902175	9903175	159.3
chr8	9902175	9903176	142.1
chr16	8134460	8137602	96
chr7	2659243	2660175	217.5
chr5	8230236	8231027	144.9
chr12	1954018	1955260	201.8
chr13	28819037	28820166	156.3
chr13	28819037	28820166	209.6
chr18	33647300	33648228	183.4
chr9	11274251	11275255	244.91
chr13	1340199	1341077	174.9
chr13	1340199	1341077	169.3
chr12	20387527	20388297	164
chr4	1219727	1222284	77.9
chr6	585940	586265	75.9
chr1	23086666	23086930	58.6
chr4	6799458	6800297	166
chr19	15224997	15225845	58
chr6	8793338	8793691	66.2
chr9	2393544	2394185	90.6
chr1	15550765	15551243	98.6
chr18	18010088	18011091	130.9
chr4	21508560	21508973	94.2
chr6	947370	947998	119.87
chr14	1849070	1851092	431.6
chr15	18367208	18368584	161
chr3	2331868	2332695	135.87
chr14	28897348	28898164	169.4
chr18	2449097	2449957	230.6
chr18	2449097	2449957	205.2
chr13	2530609	2531311	154.9
chr6	148468	149032	101.7
chr14	24436682	24437404	147.8
chr7	11344268	11344837	93.5
chr9	20125602	20127653	356.78
chr9	20125602	20127653	340.18
chrUkn	18113744	18114494	132.9
chr2	521609	522057	78.3
chr12	1792219	1796120	159.6
chr18	8907698	8908668	120.9
chr7	14876138	14885058	119.3
chr8	15861359	15862082	125.7
chr6	4527316	4528408	290
chr12	4471188	4471858	150.1
chr13	9030981	9031332	82.1
chr3	4920392	4921373	163.57
chr13	27773753	27775209	254.8
chr13	27773753	27775209	241.6
chr18	28230337	28231057	126.1
chr13	2479759	2480349	120.1
chr17	4509105	4509476	70.7
chr14	23949048	23949754	118.5
chr10	5263397	5263734	86.1
chr19	7651137	7653467	375.74
chr19	7651137	7653467	237.44
chr19	7650766	7653467	193.3
chr17	14432390	14433004	129.3
chr8	11734641	11736013	227.1
chr8	20712699	20713304	133.9
chr17	5787563	5788762	254.3
chr12	5974038	5975253	92.4
chr12	5974038	5974385	74.4
chr7	3622281	3622960	137.3
chr12	16369920	16370335	69.4
chr11	669594	670180	147.9
chr8	14803176	14804166	195.8
chr11	7478745	7480376	348.1
chr18	228603	229789	234.6
chr2	4323337	4351516	45.5
chr2	2712185	2712881	127.44
chr8	11209224	11210735	364.2
chr8	11209224	11210735	360.5
chr6	7797411	7798857	339.6
chr15	7915682	7916351	150.4
chr18	33564185	33564781	134.8
chr18	33564153	33564728	130
chr19	3436762	3437467	147.1
chr13	2641481	2641981	128.2
chr8	21028569	21029187	124.22
chr12	544122	545784	131.1
chr1	22256712	22257218	86
chr14	25192758	25195243	89.8
chr9	14743823	14744356	140.49
chr9	5561604	5562816	118.7
chr16	18487983	18488669	113.2
chr11	2887482	2888126	137.9
chr10	5149386	5149755	74.5
chr15	10328788	10329076	45
chr6	21865264	21866382	231.7
chr15	10041472	10042180	141.9
chr3	20296775	20297242	182.1
chr11	3133255	3133753	97.6
chr18	24988466	24988720	56.3
chr6	6214095	6214763	124.1
chr8	10081341	10082958	362.7
chr14	20064868	20065280	118.9
chr4	11445729	11446079	65.8
chr5	1930093	1931030	218.8
chr12	4668187	4669599	313.6
chr3	2083870	2084688	150.5
chr18	3564048	3564416	59.3
chr5	23040187	23041029	191
chr18	26447947	26448337	74.5
chr10	8797489	8798244	194.8
chr18	12721862	12723512	306.2
chr10	400318	401494	263.8
chr12	2424577	2425871	271
chr18	22816777	22817603	126.33
chr14	23603625	23606019	313.6
chr9	21268465	21269354	164.3
chr8	13026739	13028939	438.49
chr4	24471061	24473476	426.07
chr6	9400859	9402092	291.6
chr3	3398303	3403685	160.6
chr19	1370503	1371292	158.6
chr19	1370484	1371292	201.3
chr7	2149120	2150820	343
chr3	7054364	7055108	212
chr11	1626223	1627798	162.9
chr10	17754	34168	72.4
chr9	13036242	13036536	57.6
chr9	13036242	13036638	58.8
chr9	13036230	13036536	30.3
chr14	5206663	5207006	79.6
chr1	4585672	4586072	80.7
chr8	16264025	16265342	280
chr14	25075469	25076185	139.9
chr18	30771810	30773624	186.2
chr18	30771810	30773624	191.1
chr15	17300295	17300670	40.8
chr9	1032595	1033013	104.9
chr7	3583832	3584338	155.9
chr14	8500522	8500993	91.5
chr6	8883156	8884489	327.6
chr13	2040261	2040985	130.4
chr18	2306337	2306698	94.6
chr14	22055301	22055750	117.8
chr2	1263601	1264047	96.8
chr5	24834596	24835428	154.5
chr5	3439019	3440342	283.1
chr14	28937484	28938545	169.2
chr12	19668071	19668801	179.9
chr18	28066954	28068044	185.2
chr18	28066954	28068044	257.8
chr11	5015378	5016347	232.17
chr1	1925041	1925781	131.1
chr8	13271341	13272128	159
chr8	14821356	14822150	166.1
chr19	3332165	3333237	217.53
chr18	7788803	7789086	47.3
chr13	7922772	7923202	85.1
chr15	9807724	9809083	182.1
chr19	3365286	3365991	156.6
chr5	5385901	5387010	241.3
chr8	5680475	5680761	61.1
chr10	6447388	6448417	178.3
chr5	25451999	25453432	301.82
chrUkn	11338809	11339622	185.2
chr6	3278472	3279366	168.6
chr4	21509134	21509502	76.2
chr19	9075533	9076612	216.1
chr5	22952558	22968871	112.2
chr5	22949214	22968871	157.5
chr10	10086232	10086572	69.6
chr11	443632	444232	118.7
chr8	21143973	21144348	77.4
chr16	23141431	23142351	170.07
chr8	18427575	18428301	197.9
chr2	2242593	2243791	329.1
chr4	16981128	16981706	138.9
chr4	16981128	16981862	158.1
chr13	17150910	17152019	120.6
chr18	3390427	3392879	191.4
chr13	24845041	24846206	147.6
chr13	23400910	23401304	51.7
chr13	23381161	23401200	24.1
chr13	23400917	23401279	65.2
chr13	24845221	24846206	113.3
chr2	3124610	3125162	109.9
chr2	3114690	3124942	67.5
chr2	3253572	3254630	79.8
chr2	3254340	3254836	93.3
chr7	1543659	1544607	164.6
chr18	13418283	13418803	88.33
chr18	13418283	13418803	104.9
chr1	16642682	16643524	154.8
chr6	4616752	4617608	212.2
chr11	994212	994641	92.4
chr1	23050662	23051018	87.2
chr5	14288360	14288702	68.8
chr9	778645	779143	162.8
chr9	3454369	3455144	148.9
chr1	9566274	9566693	98.8
chr3	9709719	9710144	84.7
chr6	532525	533315	200.7
chr17	1822885	1823451	149.6
chr14	25292316	25292609	16.7
chr2	2022757	2023860	230.2
chr19	12999996	13011607	163.4
chr19	12999994	13011607	108.4
chr12	7263838	7264420	107.5
chr9	13587303	13587974	159.2
chr7	814592	815263	102.3
chr18	11760785	11761151	82
chr2	5334667	5345413	246.2
chr15	16593614	16595142	319.3
chr15	16595109	16597130	332.7
chr9	20156465	20160867	239.2
chr13	21267563	21267944	62.7
chr13	21267175	21267944	140.5
chr12	978036	978689	124.2
chr7	20925388	20932972	200.3
chr7	20925388	20926323	246.2
chr7	20925388	20932972	200.3
chr7	20925388	20932972	170.07
chr19	8601883	8603976	511.9
chr8	15679025	15682997	182.4
chr18	573903	574927	188.5
chr7	26934042	26935772	512.01
chr7	26933701	26935772	480.7
chr3	4027382	4028881	308.4
chr3	17552620	17552958	69.4
chr6	2616121	2619791	165.9
chr6	2616162	2619791	118.1
chr14	21955081	21955485	72.8
chr15	12901805	12902439	134.9
chr2	9355751	9358234	182.7
chr8	14804669	14806160	338.1
chr7	18069963	18071317	217.6
chr3	14620893	14644509	171.7
chr3	14620893	14644509	150.8
chr6	8171476	8172065	128.6
chr6	8171227	8172065	136.4
chr6	8171227	8172065	132.2
chr15	10851195	10851902	131.6
chr15	8984801	8985128	56.5
chr11	18881511	18882171	58.5
chr1	8027612	8028182	61.3
chr8	21971541	21972204	103.7
chr17	3845561	3847202	389.9
chr9	13030381	13032070	339.7
chr2	2687202	2688589	180.9
chr13	12033423	12035503	466.99
chr19	6497590	6499282	268.2
chr14	5514061	5514723	123.9
chr1	12681640	12682239	166.2
chr19	2776490	2777219	145.4
chr15	20168050	20168707	128.9
chr10	2681451	2682088	183.1
chr18	8521775	8522862	209.5
chr19	1476046	1476610	125.1
chr9	21671108	21671874	104.3
chr2	7671685	7672423	156.2
chr8	17807870	17808250	65.1
chr14	27557117	27558347	239
chr7	23480522	23480956	96.3
chr7	23480522	23480956	80.1
chr8	14079184	14080260	382.1
chr13	3678852	3679778	195.1
chr12	9318568	9319595	244.1
chr17	3825494	3825867	91.2
chr13	6030710	6031194	172.9
chr10	6482512	6483709	209.7
chr14	29994508	29995251	155.9
chr9	3053619	3053890	44.3
chr8	19442527	19444924	273.2
chr11	5369408	5370144	154.04
chr7	25259803	25260339	86.9
chr5	8393874	8394825	197.9
chr4	2735829	2742205	174.9
chr19	720051	721169	67.5
chr19	720051	721175	163.9
chr8	11423611	11425453	340
chr8	11423611	11425626	384.2
chr7	3185663	3186688	224.6
chr18	4899965	4900562	101.57
chr7	10279932	10281762	340
chr7	10279932	10281762	351.5
chr3	3755103	3755450	90
chr11	2366090	2366956	170.7
chr5	7316121	7316494	37.1
chr5	2749751	2750129	57.6
chr17	6302671	6304228	184.54
chrUkn	7618617	7619238	153.8
chr14	6230446	6231826	283
chr9	16635655	16636257	87.2
chr14	23363731	23364113	75.2
chr18	4702551	4703076	98.1
chr9	1802301	1803407	223
chr9	1802301	1803407	225.17
chr14	19429328	19430040	108.7
chr1	18251488	18252911	330.8
chr16	21172062	21173499	297.3
chr12	11430247	11431331	227.4
chr9	9835213	9835833	161.2
chr9	9835334	9835827	96.8
chrUkn	12232278	12233664	297.2
chr7	4659891	4662116	373.9
chr18	27934843	27935327	93.1
chr7	6857842	6858442	87.4
chrUkn	14769895	14770640	97.1
chr6	8787828	8788619	145.7
chr13	20258052	20258589	178.1
chr15	17376487	17376808	65.2
chr7	2057399	2058592	285.7
chr7	2057399	2058925	265.2
chr7	2057399	2058592	288.5
chr15	16598273	16599859	397.7
chr14	23244722	23253916	347
chr14	23244722	23248043	837.4
chr14	23244722	23248043	803.7
chr13	5629524	5630026	110.54
chr6	14935675	14940023	81.2
chr6	14935675	14936080	60.7
chr9	584013	584310	54
chr13	4853985	4854361	83
chr14	23224081	23228707	224.8
chr8	22041500	22042655	75.13
chr19	6673285	6675458	463.31
chr16	17414090	17415356	265.8
chr16	17413830	17414280	57.95
chr5	1056543	1057478	197.8
chr10	2600931	2602345	347.7
chr8	1274696	1275384	102.7
chr3	4031711	4032555	169.6
chr18	593511	596137	146.9
chr14	11490602	11519427	86.7
chr6	5664943	5665568	133.6
chr2	4398970	4400715	130.4
chr11	2964598	2964984	72.9
chr11	2964598	2964984	92.3
chr17	4862893	4863344	113.1
chr8	7409478	7410525	230.3
chr16	893708	894167	101.5
chr2	1074045	1075079	217.3
chr5	14019348	14020150	158.1
chr2	16435755	16436667	90.65
chr13	9693072	9694248	264.7
chr2	866506	867497	200.57
chr15	8982674	8983061	83.3
chr14	27451467	27452353	185.3
chr7	20288258	20288576	93.7
chr18	14425913	14426728	200
chr1	7817963	7833900	115.1
chr3	1018972	1019780	77.8
chr1	4918612	4918904	20.3
chr13	3687438	3688415	213.5
chr8	19750612	19751693	181.62
chr13	27251847	27255152	192.9
chr9	3368217	3370177	350.82
chr4	79279	81129	333.5
chr4	79279	81129	362.5
chr19	5875581	5880378	275
chr8	13264675	13265699	250.7
chr8	13259366	13264676	507.7
chr1	11705443	11706713	258.1
chr1	3021494	3024409	579.94
chr1	3021494	3024409	586.14
chr9	2179346	2179895	160
chr9	782958	796073	312.1
chr18	10432505	10433690	245.51
chr8	12881673	12881959	45.8
chr4	6513023	6513515	103.9
chr14	28872086	28873169	196.3
chr11	4404906	4405476	151.7
chr4	6188003	6191580	88.5
chr4	6188003	6191820	365.7
chr13	9549677	9550101	122.1
chr14	27977108	27978397	212.2
chr14	27977108	27978397	224.9
chr14	27977108	27978664	135.1
chr11	2490496	2492609	103.9
chr15	10984421	10985569	85.8
chr1	8229463	8229903	111.6
chr5	1215956	1216403	99.5
chr6	5622522	5634287	37.6
chr16	22198194	22198466	47.4
chr4	1720517	1721156	138
chr3	257339	257673	59.9
chr17	16881388	16882228	74.76
chr8	7408720	7409459	150.3
chr14	28898092	28898693	104.38
chr11	3133906	3136078	495.5
chr18	13759033	13760329	186.77
chr1	6727670	6728917	217
chr11	3792388	3792795	77.1
chr9	1747920	1748178	71.2
chr14	16102721	16103665	224.3
chr13	9255177	9255935	101.67
chr1	6899963	6902234	76.07
chr1	19867583	19868093	127.5
chr14	26265454	26266365	83.33
chr18	2942612	2943649	267.4
chr13	378132	380101	360.1
chr5	25575293	25576712	287.6
chr5	25575330	25576712	112.8
chr8	18356162	18357178	203.9
chr8	17562662	17563439	156.1
chr18	6849694	6850935	242.5
chr17	10872351	10873282	198
chr9	7829529	7830984	118.1
chr9	7829001	7829708	98.6
chr9	7828923	7829708	116.1
chr8	21331742	21333353	321
chr10	17045408	17045862	86.9
chr17	7380614	7384976	130.2
chr19	7399933	7400554	120.2
chr3	19347132	19347826	145.3
chr18	1862832	1863319	91.7
chr11	18185257	18186263	256.8
chr10	6274124	6274914	179.6
chr17	4930280	4931368	159.7
chr5	17259831	17260719	198.3
chr5	1259735	1260363	106.7
chr11	2513874	2514411	91.3
chr4	24521296	24521985	109
chr8	938704	939496	98.3
chr5	24832656	24833134	86.4
chr18	1215385	1215718	67.1
chr19	7660214	7660832	136.5
chr1	23299203	23300370	168.7
chr14	16580246	16580896	135
chr11	3380255	3380659	98.8
chr4	24526296	24527096	164.4
chr17	2072095	2072689	164.6
chr9	4100123	4102253	222.9
chr3	1349695	1350124	130
chr18	11384724	11385116	83.6
chr8	8812858	8813555	164
chr7	3133438	3135599	158.6
chr7	3133438	3135599	144.3
chr7	23267064	23268059	217.1
chr7	4785203	4785704	95.9
chr10	1057301	1057687	73
chr14	1745817	1746093	47.9
chr15	16597068	16597944	168.1
chr17	6256535	6256813	55.1
chr7	4140365	4141406	235.8
chr8	20214413	20216051	349.2
chr13	1427567	1428741	262
chr16	18248508	18248856	97.4
chr15	18420848	18422337	278.52
chr18	27442635	27443463	208.6
chr7	4640556	4641572	168.3
chr17	8668277	8668801	116.1
chr10	10998587	10999067	114.9
chr16	598174	598602	87.37
chr6	2656353	2657045	53.4
chr4	3287449	3288081	141.7
chr4	3286971	3287662	132.2
chr4	3286971	3298692	285.72
chr4	3286971	3298692	271.32
chr13	1443803	1445290	119.1
chr6	15252928	15253406	102.5
chr6	15251793	15253038	276.7
chr17	3620010	3620809	117.6
chr12	22170503	22170913	76.9
chr5	20005570	20025715	257.78
chr13	28518154	28540943	230.4
chr13	28518154	28540943	242.2
chr13	28518154	28540943	206.9
chr18	5491451	5493348	125.1
chr4	23324787	23327682	137.9
chr2	3963408	3964155	133.2
chr2	1650684	1653683	171.8
chr14	26713491	26714287	168.14
chr19	5890410	5890968	94.54
chr11	310138	311163	176.2
chr11	9670470	9671717	259.27
chr15	3215663	3216924	269.3
chr15	3214707	3216917	200.2
chr14	29531239	29532309	221.6
chr14	24916442	24917470	184.78
chr17	12128243	12129374	279.2
chr17	12128243	12129576	271
chr18	9583747	9584296	114.1
chr19	7171632	7173136	262.7
chrUkn	23032936	23033546	122.8
chr8	10948492	10948899	71.1
chr2	5131314	5131963	58
chr1	1169472	1169788	58.3
chr5	8926808	8927379	135.8
chr18	6742427	6742999	145.5
chrUkn	13610709	13611382	146.1
chr6	5721643	5722738	277
chr14	569427	570215	132.32
chr14	569427	570215	127.82
chr1	22370194	22370491	41.4
chr1	22369459	22370491	210.4
chr4	23988796	23989501	155.8
chr8	11573299	11574506	146
chr8	11573299	11574506	162.4
chr2	16445070	16446336	78
chr1	750448	750835	88.3
chr1	22254870	22256548	353.7
chr17	646696	647291	140.5
chr18	7881849	7888697	177.8
chr2	2070313	2070746	97.7
chr13	27393298	27394442	310.5
chr7	18452484	18453100	127.75
chr15	19771173	19772682	414.9
chr16	19570039	19571235	241.9
chr13	27846072	27846490	46.7
chr2	3741988	3745210	500.7
chr2	3741988	3745210	389.2
chr17	7030232	7031537	292
chr18	2858272	2858792	116.3
chr17	6919737	6920707	199.4
chr18	3668324	3668631	79.4
chr4	21782870	21783278	88.9
chr4	3049791	3050082	40.9
chr2	8639589	8639961	78.9
chr5	4310151	4310815	130.1
chr1	7809086	7809906	264.3
chr12	424952	427341	583.8
chr18	6894347	6894744	77.3
chr12	7551710	7552124	77.3
chr4	22558655	22559259	152.3
chr18	6813858	6814920	225.2
chr1	2902111	2902694	104.6
chr6	5364557	5365082	124.4
chr6	21585647	21588187	128.5
chr19	2510169	2510846	164.5
chrUkn	3294168	3295349	102.2
chr4	123580	124408	182.3
chr16	766572	767838	307.14
chr19	897557	898046	106.2
chr2	1450882	1451354	105.3
chr13	7164294	7166690	42.3
chr6	5995751	5996408	174.2
chr2	3644291	3644663	86.1
chr17	17938594	17940075	322.2
chr7	1478313	1478598	59.4
chr12	24147785	24149044	248.9
chr15	16406447	16407048	112.3
chr4	18930361	18931369	125.9
chr1	3255338	3256232	221.24
chr2	1712271	1712672	70.4
chr4	1112685	1113491	239.5
chr2	64146	64836	132.5
chr8	7369225	7369575	68.57
chr18	2906315	2906783	102.3
chr13	7932433	7932993	115.2
chr14	18424693	18427288	240.5
chr14	18424693	18427288	154.5
chr14	18424693	18427288	266.9
chr18	33964144	33964991	155.54
chr9	8331399	8331885	108.47
chr18	6091934	6093104	294.4
chr18	6093082	6094659	237.9
chr13	28905290	28906041	129.2
chr13	28906036	28907124	229.2
chr17	7155261	7157181	369.67
chr8	16237354	16238315	184.7
chr6	5059877	5061362	73.6
chr19	7653752	7658844	238.3
chr2	7231046	7231453	82.6
chr17	11004182	11004521	28.5
chr19	19972299	19972912	96.5
chr16	22686779	22687108	75.7
chr9	22902837	22903619	215.7
chr19	6155464	6155941	98.3
chr13	22816703	22817388	155.6
chr2	866111	867946	255.3
chr2	18471917	18472644	137.8
chr14	29687044	29687571	120.2
chr2	6788107	6796886	327
chr2	6788107	6796886	378.2
chr2	6788107	6796886	336.6
chr16	23464591	23464944	49.8
chr3	427357	429091	80.2
chr9	8747880	8748393	84.8
chrUkn	27267289	27267938	88.5
chr7	19319993	19320535	62.2
chr1	230206	231082	181.52
chr8	13687915	13688345	71
chr8	13687915	13688345	81.8
chr7	12429594	12430221	94.07
chr18	1209219	1211788	595.67
chr18	23104273	23104864	108.3
chr6	19280462	19280976	90.9
chr13	26256279	26279993	295.74
chr13	26256509	26279993	241.3
chr13	26234714	26269627	215.9
chr13	26216200	26236667	250.6
chr13	26235115	26269627	298.7
chr12	22601943	22604403	139.1
chr12	22600459	22604403	189.7
chr12	22600459	22604403	190.4
chr12	22600459	22604403	186.9
chr15	20168610	20169382	153.6
chr12	22587877	22594654	456.5
chr10	10308896	10309379	115.6
chr9	4332684	4333195	94.2
chr6	4476154	4476891	84.17
chr2	2010165	2011271	254.4
chr10	2830169	2831102	223.6
chr14	5077423	5077854	60
chr2	10480419	10480982	152.6
chr2	1144958	1145880	246.7
chr8	17165475	17166547	208.7
chr3	10138171	10177649	231.1
chr3	10138171	10177649	205.5
chr3	10138171	10177649	216
chr5	3575301	3583928	92.1
chr5	3575356	3583556	455.9
chr14	17858930	17859918	254.8
chr14	17858930	17859918	252.9
chr19	20315514	20316637	269.1
chr19	20314404	20315532	236.7
chr9	6799402	6804981	145
chr7	875733	876153	86.7
chr6	7247137	7247921	139.8
chr13	2163032	2163721	102.7
chr18	4962744	4964315	421
chr11	8664613	8666330	328.41
chr4	3791587	3793116	98.2
chr4	3792894	3795070	283.4
chr4	3792894	3795070	266.5
chr4	3792894	3795070	252.6
chr13	15633200	15633970	147.8
chr1	20800065	20801054	156.7
chr9	13655547	13656334	179.2
chr8	10158781	10159249	68.1
chr9	9539524	9543723	69
chr3	6798548	6801804	502.71
chr11	4862251	4863043	150.1
chr7	8531471	8532824	266.4
chr7	8531471	8532824	294.4
chr7	8531471	8532481	174.5
chr14	614709	615346	105.1
chr13	4902259	4903484	209.3
chr10	4964635	4965738	222.7
chr7	2316945	2324450	164.9
chr7	2316945	2326374	231.4
chr7	2316945	2322461	143.2
chr7	2323671	2326374	459.3
chr16	2281177	2281849	108.3
chr6	3527761	3528080	39.2
chr14	22402823	22403238	147.2
chr4	5719503	5720444	182.1
chr1	9349319	9350178	150.7
chr18	27286699	27288278	223.5
chr17	7006395	7007175	141.3
chr11	12383943	12384781	174.2
chr9	7800638	7801199	75
chr9	7741581	7742068	117.97
chr8	15086692	15087091	78.2
chr10	14298196	14298587	82.7
chr7	18066870	18068096	295.3
chr8	5505813	5508050	462.8
chr7	3481968	3485378	613.33
chr7	3483702	3485378	381
chr11	1196122	1197786	406.1
chr18	11546248	11546659	100.4
chr6	3606021	3606640	146.3
chr12	9590720	9591499	127.7
chr12	8477593	8478300	159.6
chr12	8477196	8478300	225.6
chr7	20721655	20735587	260.6
chr7	20721655	20735587	252.8
chr14	8501674	8502282	134.9
chr18	34279108	34282634	162
chr18	7834732	7836604	398.11
chr1	3024355	3025094	145.1
chr15	18041443	18042166	164.9
chr18	6812479	6813093	126.4
chr14	30012561	30014204	104.9
chr6	2270622	2271334	179.9
chr14	25193409	25194773	282.7
chr6	17908427	17909423	112.9
chr10	15236734	15239380	128.5
chr8	12956411	12958354	344.2
chr7	20925021	20925457	100.1
chr18	30288290	30288925	126
chrUkn	24087044	24088183	156.6
chr6	19794307	19795216	173.6
chr5	7645189	7645487	67.8
chr18	10675209	10675610	82.8
chr17	8586866	8587177	69.4
chr12	4750308	4751052	122.88
chr6	18825104	18825886	202.2
chr8	16063974	16064413	93.91
chr14	25554033	25554925	223.4
chr6	18991727	18992158	96.7
chr2	841679	842454	168.8
chr8	12834544	12842799	209.7
chr1	2048743	2049307	86.1
chr7	6194742	6195103	63.6
chr7	3703327	3703660	81.7
chr1	3401744	3402085	86.6
chr4	8866620	8867167	94.8
chr8	12984034	12984812	207.1
chr2	62416	63149	168.8
chr9	3903040	3919387	165.2
chr1	1721808	1722507	118.3
chr17	1620845	1621757	165.4
chr17	1620845	1621757	193.2
chr8	14065508	14065921	81.3
chr4	19839871	19840278	103.4
chr19	7622888	7623577	134.2
chr10	21295252	21296235	176.1
chr18	8876839	8877723	140.6
chr4	633080	634067	210.1
chr11	3177319	3177615	43.2
chr18	13496055	13496715	191.9
chr8	5162468	5163694	295.1
chr18	1800330	1801835	352.9
chr8	7223591	7224321	146.41
chrUkn	9543037	9543776	135.6
chr1	2230787	2232568	151.1
chr8	21441056	21441605	142.5
chr3	12323027	12324038	174.8
chr14	21129266	21129899	130.5
chr5	10213960	10215339	303.1
chr13	27775810	27777552	96.4
chr1	1246609	1247865	197.4
chr2	7483220	7483684	100.8
chr14	5694074	5695059	221.7
chr14	12873222	12883563	70.7
chr2	712199	712484	59.2
chr7	24619165	24620040	175.4
chr8	2532399	2532840	99.4
chr7	21824903	21825592	144.7
chr8	14509564	14510339	159.04
chr18	11045838	11046583	130.1
chr1	11230001	11230378	74.3
chr3	8404515	8404898	54.9
chr16	17473651	17474442	147.9
chr17	3547202	3547609	76.2
chr6	5456062	5456777	177.6
chr2	698736	708007	277.54
chr8	18687391	18687883	84.7
chr8	18687391	18687883	90.3
chr6	15075926	15076652	186.4
chr18	14230148	14230496	113.6
chr10	637365	637645	47.4
chr11	6933335	6933598	39.5
chr9	310871	311334	109.5
chr13	25630084	25632175	412.3
chr9	13925472	13926434	271.3
chr4	5104205	5106680	367.6
chr4	5105294	5106680	298.9
chr12	8807761	8808147	79.2
chr4	1047969	1048913	232.4
chr15	3094848	3095862	190.2
chr15	16208191	16211249	329.01
chr7	3661636	3662354	122.07
chr6	19065945	19066932	217
chr4	17521540	17522049	109.8
chr18	5500972	5501290	84.1
chr16	22751302	22752153	203.8
chr8	22223861	22225332	292
chr11	10703080	10704209	266.2
chr3	3383880	3384531	104
chr14	22717799	22718423	116.77
chr6	777237	780058	153.9
chr6	777237	780233	210
chr6	777335	780233	147.1
chr7	15777162	15778081	172.6
chr8	11731563	11732373	167.4
chr8	11730722	11731647	215.7
chr12	23578297	23579141	241.1
chr13	7324301	7324680	71.4
chr1	2047630	2047956	61.2
chr11	881963	882385	84.8
chr13	21020052	21020691	119.3
chr11	20099585	20100728	266.2
chr12	23827390	23827831	87.1
chr12	1520383	1520873	123.2
chr16	5342320	5343208	143.91
chr11	13456418	13457729	251.9
chr14	1425605	1426585	203.57
chr18	11146945	11148062	186.1
chr12	5493778	5494391	99.24
chr18	9008091	9008774	165.7
chr18	9002861	9008774	184.3
chr17	6901354	6901865	114.6
chr5	777675	781209	104.6
chr18	12066223	12066712	81.1
chr1	22150885	22151257	87.3
chr1	22151661	22152416	179.1
chr6	17906369	17907684	301.7
chr19	7513265	7515343	323.4
chr17	7361027	7362233	201.9
chr18	3409036	3409914	219.2
chr7	19499125	19499455	73.2
chr9	19202761	19203106	87.5
chr3	18932076	18932724	60.8
chr12	22133568	22134179	116.5
chr3	3752489	3753476	120.7
chr9	17911435	17946379	266.5
chr9	17911435	17913223	94.3
chr1	20798471	20800139	327.3
chr4	4566782	4568446	337.1
chr18	10651622	10652271	138.5
chr15	16768102	16768553	100.89
chr11	3299119	3299638	105.75
chr4	16624205	16624514	64.1
chrUkn	16837402	16837770	74.1
chr1	6772396	6774251	360.1
chr8	236535	239122	530.2
chr8	236661	239122	517.2
chr6	2429785	2430913	196.7
chr6	2429785	2443820	204.3
chr6	2429785	2443820	211.8
chr12	22415198	22416739	332.1
chr17	5903045	5903509	78.84
chr8	21647978	21648497	77.6
chr6	5548642	5549395	121.27
chr2	16443450	16443965	89.9
chr5	120359	120711	94.5
chr18	12502314	12502836	71.8
chr9	6410729	6411587	166.8
chr18	23406431	23407884	318.6
chr9	18495450	18495971	58.5
chr10	2877933	2878465	111
chr19	5235064	5235686	63.44
chr7	1769102	1769734	112.4
chr8	12881955	12882449	99.9
chr15	14790247	14790646	71.3
chr15	18453420	18453848	67.4
chr16	18433360	18434778	291.7
chr8	12880909	12881441	95.1
chr2	4095401	4095687	51.6
chr3	8001167	8001676	86.7
chr18	1359320	1359861	98.1
chr5	9358037	9358624	165.8
chr16	22867021	22867444	90.1
chr19	16288336	16288633	50
chr18	22429459	22429877	65.9
chr8	10372473	10373020	101.5
chr8	13778177	13778531	55.8
chr5	4527139	4527428	58.1
chr8	10827757	10828301	120.5
chr16	22808077	22808733	154.7
chr10	193865	194369	104.2
chr3	8895073	8895355	53.5
chr4	686482	686946	79.2
chr11	10007183	10007558	50.9
chr3	12934187	12934656	83.7
chr9	1237588	1237892	57.6
chr9	2078346	2080526	200
chr7	23724545	23725161	110.5
chr5	4913748	4914505	171.3
chr2	6559067	6559713	115.7
chr3	974654	975123	94.1
chr6	18356878	18357511	126.7
chr10	8407209	8408216	191.4
chr17	3933095	3933837	160.7
chr18	4897010	4897766	133.6
chr14	27778318	27779102	185.6
chr5	5215314	5215880	104.8
chr18	31544085	31544340	52.5
chr2	16818604	16819510	178.5
chr2	16817959	16819510	174.8
chr14	12366123	12366551	81.3
chr7	15886514	15887212	132.2
chr4	2594764	2595865	266.8
chr6	18025922	18027221	225.9
chr6	18025922	18027221	252.4
chr19	5418262	5418627	58.3
chr7	24899567	24901582	438.6
chr1	8150268	8150535	46.9
chr4	224542	224904	92.6
chr6	16352374	16353557	213.4
chr17	652328	652655	85.9
chrUkn	9454983	9456780	102.7
chr5	23714823	23716400	227.8
chr13	5494616	5497759	611.3
chr8	13354187	13354694	99.81
chr8	4282665	4283470	205.2
chr3	691774	692689	171
chr18	4447028	4448902	385.88
chr18	4448597	4448902	91.6
chr18	4447028	4448902	119.9
chr4	23042026	23059844	137.9
chr19	21661694	21662830	185.45
chr12	2833228	2833505	88.4
chr18	10341356	10341711	54.7
chr14	28191368	28192288	209.1
chr4	4568448	4569309	155.9
chr6	3572134	3573403	368.1
chr17	9737132	9737592	71.2
chr7	2762528	2763173	156.6
chr14	27933460	27933771	69.2
chr11	18763446	18763919	126.5
chr8	14515002	14516069	218.6
chr7	8156552	8157310	161
chr4	11756247	11760121	50.9
chr9	21204188	21204734	105.7
chr12	2037557	2037973	118.5
chr7	20454944	20463398	91.7
chr17	1111508	1111851	88.47
chr18	3648539	3649138	128.3
chr2	531654	532217	115.6
chrUkn	12908493	12909797	322.8
chr12	9383366	9383657	67.9
chr18	11335436	11335999	124.2
chr18	6336282	6337193	192.6
chr4	21100232	21104655	466.57
chr6	6875588	6876479	89.8
chr10	4651893	4652377	92.28
chr1	6461628	6462509	189.4
chr1	6461628	6462509	219.5
chr18	4773511	4774193	135.2
chr5	18379123	18383659	152.9
chr7	22753320	22754414	239.5
chr19	5929417	5930726	219.3
chr19	5047156	5047942	162.6
chr1	7585539	7586353	141.9
chr6	6598309	6599658	313.4
chr18	4328507	4329014	114
chr11	18519433	18520016	129.1
chr5	4030149	4031701	105.4
chr18	11631857	11632528	91
chr8	20642673	20643151	93.2
chr14	3027938	3028770	158.47
chr17	7359907	7360700	136.14
chr14	30030020	30030966	217.9
chr2	16373094	16373485	94.2
chr8	19087832	19088982	229.4
chr6	2804383	2805787	317.3
chrUkn	1362115	1362856	167
chr4	1719602	1720468	181.3
chr11	4978253	4979477	201.1
chr18	14295903	14297455	308.4
chr2	6403059	6405141	439.8
chr5	23042833	23043491	167.4
chr7	25038489	25039904	117.2
chr5	22317723	22319055	304.3
chr8	14162254	14163028	174.1
chr5	3360384	3360718	97.5
chr10	736330	737831	305
chr10	736330	737983	74.7
chr14	880510	881056	130.6
chr9	14323945	14324289	79.4
chr8	9238593	9239124	129.4
chr8	22467706	22468018	65.47
chr4	23660762	23661112	82.4
chr2	6865320	6866065	134.8
chr17	4358644	4359252	113.88
chr8	10714678	10714917	51.4
chr8	15009118	15009579	113.1
chr6	3548692	3557907	269.6
chr8	14808207	14808446	47.7
chr19	24452990	24454349	283.1
chr12	22324508	22325025	117.3
chr17	8543812	8554143	147.6
chr1	21108234	21108455	64.5
chr18	18466021	18466426	71.31
chr15	14435932	14437048	85.5
chr9	3052407	3053359	154.7
chr1	20794397	20795951	337.8
chr9	6595100	6598168	520.2
chr19	21051738	21052682	214.4
chr13	22977664	23004863	172.8
chr1	1723154	1723691	91.4
chr18	413010	415215	549.9
chr10	4856695	4860069	660.4
chr10	4859935	4863424	550.2
chr5	21496515	21498316	340.9
chr5	21496515	21498316	388.2
chr13	1214018	1216370	493.47
chr12	20246673	20292464	198.3
chr12	20264335	20292464	233.1
chr8	21980155	22001321	292.84
chr8	21980155	22001697	351.3
chr7	17566382	17566626	54
chr14	23962113	23964123	220.5
chr14	23962113	23964123	458.5
chr7	17133696	17133993	44
chr14	11291083	11302593	214
chr6	21086078	21086717	149.3
chr10	4725807	4727400	95.8
chr13	21846384	21846824	65.3
chr12	12154849	12155279	61.4
chr4	23568524	23569577	217.7
chr14	27704175	27704531	76.4
chr2	5917330	5918143	196.5
chr8	10844352	10844900	115
chr6	12966120	12966738	126.3
chr18	11760028	11760462	81.1
chr14	4253973	4254819	173.9
chr9	21856479	21856826	32.8
chr9	21856479	21856826	53.2
chr8	18255182	18262401	188.9
chr15	13804889	13810166	339.5
chr15	13804824	13810738	535.47
chr12	21780918	21782810	269.5
chr12	21780918	21782810	299.6
chr12	21780918	21782600	219.5
chr12	21780913	21781957	108
chr12	21780913	21782094	137
chr15	3093642	3099309	579.27
chr19	3136811	3137281	148.2
chr9	2987841	2988571	116
chr19	20983450	20988273	245.9
chr19	20986598	20988273	220.9
chr12	22621524	22622632	311.1
chr12	22596331	22597102	152.9
chr12	22596687	22597651	222.4
chr7	4985946	4987060	172.3
chr9	15270910	15271548	159
chr15	5898418	5906814	144.5
chr13	25567933	25570144	550.3
chr16	4074010	4094690	299.1
chr19	21080328	21082698	153
chr19	21080485	21081992	248.43
chr19	21080351	21082698	142.8
chrUkn	23841144	23841386	50.9
chr9	13063323	13063564	92.4
chr5	2161762	2162150	80.3
chr18	8520699	8521791	244.1
chr4	21459062	21459752	155.7
chr2	5811625	5812634	218.04
chr1	4093489	4094005	64.5
chr5	70578	71625	228
chr9	4851964	4852875	202.2
chr6	21780788	21781418	114.4
chr5	25222685	25223653	51.9
chr19	8443573	8444223	101.4
chr4	16423594	16425200	79.4
chr8	16101221	16101605	87
chr8	21134411	21134909	92.5
chr9	22879335	22886105	396.98
chr9	22880138	22883513	395.95
chr9	4489296	4516096	145.9
chr9	4489296	4516096	142.3
chr7	16150795	16156088	253.3
chr7	16150795	16158045	430
chr7	16150795	16156088	265.7
chr7	16150795	16158281	445.3
chr7	16150795	16157261	554.9
chr7	16150795	16158281	414.4
chr7	16150795	16157261	539.5
chr7	16150795	16157668	352.5
chr7	16150795	16158281	473.4
chr7	23810840	23812220	209.51
chr2	16653131	16653391	44.7
chr18	29340017	29340388	57.04
chr13	339965	340588	124.3
chr5	9223450	9225366	385.1
chr9	14053573	14055551	234.7
chr19	8777664	8778356	147.9
chr17	2533428	2533906	99
chr3	1541584	1542503	194.7
chr3	1541650	1542503	171.2
chr14	29865994	29867247	281.6
chr2	3275403	3276666	254.2
chr2	3275403	3276666	323.2
chr19	344306	344802	58.6
chr19	3140086	3142414	267.9
chr9	14303519	14308300	112.4
chr16	23163694	23164771	135.5
chr19	5628120	5628917	191.3
chr1	22202429	22203287	207.1
chr17	15104964	15106206	240.6
chr18	3579477	3579847	92
chr17	11597124	11597557	92.4
chr5	2782269	2782954	135.7
chr5	2782283	2783074	180.7
chr12	19467919	19468712	148
chr7	3713340	3715380	400.3
chr14	276956	277461	84.3
chr7	813550	819787	268.7
chr7	818460	819787	313.6
chr7	813550	819787	263.6
chr15	8526754	8527184	122.5
chr11	309046	310209	277.9
chr4	2190156	2191450	131.8
chr17	8900166	8900459	66.4
chr3	13108011	13109432	394.2
chr16	13412622	13412976	51
chr4	8906839	8907456	134.4
chr19	901815	902302	132.2
chr19	1644102	1644624	136.8
chr13	5629993	5630259	62
chr11	4032890	4033972	233.5
chr13	24780110	24781088	159.3
chr13	24780110	24781088	181.5
chr18	5872887	5873790	187.1
chr14	1688257	1689000	147.28
chr14	1688257	1690775	172.33
chr16	19915097	19915813	179.5
chr16	19913867	19915813	367.4
chr11	5228275	5230031	357.48
chr3	623829	624389	137
chr19	21267372	21267724	90
chr2	13506496	13507111	132
chr18	1412230	1413018	188.9
chr11	2343885	2345148	303.27
chr7	6399866	6402143	220.9
chr9	9842039	9851983	122.5
chr2	5049983	5051442	352.1
chr15	15990032	15991639	371.9
chr18	22805736	22806033	44.8
chr18	22630853	22632541	343.8
chrUkn	12223895	12224323	109.4
chr17	11775058	11775712	198.1
chr7	906413	912884	181.1
chr7	906413	912884	411.7
chr7	906413	912884	185
chr4	617811	619244	299.1
chr8	16610191	16612231	389.6
chr3	2011732	2012173	80.5
chr7	1241568	1242887	255.45
chr2	17787617	17788157	130.5
chr4	3678012	3678588	119.4
chr8	18183686	18184736	263.3
chr15	17207756	17208793	241.1
chr14	337717	338011	53
chr19	2064120	2064612	85.8
chr6	21753203	21754389	205.08
chr17	559310	560082	112.3
chr7	24679316	24679960	118.1
chr11	18137061	18137763	175
chr3	18782360	18783187	172.6
chr9	1235955	1237271	276.7
chr2	963487	963989	71.4
chr12	1439415	1439773	53.3
chr4	23096948	23098470	209.4
chr4	23096948	23098470	194.8
chr10	8612954	8614588	106.7
chr1	23921750	23922379	103.1
chr11	760937	761472	103.2
chr5	5257546	5258942	280.8
chr8	21521714	21522401	120.8
chr18	5540728	5542666	432.1
chr4	18596905	18597480	98.6
chr4	18596905	18597480	110.54
chr4	18642717	18645353	543.8
chr13	22963073	22963658	144.9
chr6	6592960	6594375	227.9
chr15	16902682	16904828	444.22
chr14	531462	532546	132.4
chr17	5067219	5071591	1017
chr8	19937235	19941618	661
chr8	19937235	19940676	466
chr8	19884565	19903535	943
chr12	23504217	23505267	263.9
chr6	11279131	11282779	713.3
chr19	8202585	8223754	101.5
chr3	11326729	11327263	75.1
chr7	3257917	3258627	122.9
chr18	12259717	12260862	213
chr11	11912991	11914353	289.24
chr18	11297492	11297920	72.7
chr18	11294304	11297920	387.2
chr3	3566719	3568078	312.7
chr18	33518517	33519032	93.7
chr13	1667638	1668891	277
chr13	1667638	1668891	293.5
chr11	2366996	2367964	195.6
chr11	2366996	2367964	197.7
chr5	12743205	12744133	161
chr8	20925466	20926341	170.64
chr8	20923569	20924399	166.8
chr4	21506900	21507697	145.7
chr6	5724010	5724477	113.3
chr6	5723509	5724031	104.6
chr14	24283217	24284412	239.3
chr11	6518680	6519406	242.3
chr18	33532194	33539215	120.2
chr18	33532251	33539215	105.3
chr2	4794243	4794682	92.5
chr7	27084036	27085319	259.5
chr15	12145524	12146782	274.1
chr1	4164088	4167328	784
chr12	9591486	9593160	109.3
chr12	9591486	9593160	349.61
chr18	10112302	10113338	205.6
chr5	7653680	7654189	131.9
chr13	496437	497522	230.3
chr13	494676	497522	114.2
chr13	28032793	28033200	85.1
chr7	23534360	23535756	367.6
chr18	26174818	26175558	168.3
chr5	24143399	24144187	171.2
chr11	17222420	17223251	158.8
chr5	3053195	3053827	138.8
chr18	5478100	5479604	294.5
chr11	953158	954043	174.3
chr3	4130296	4131607	291.6
chr7	5193409	5193865	111
chr1	150615	151125	125.2
chr9	2799499	2799794	73.4
chrUkn	26582781	26583755	254.01
chr4	6900534	6901978	325
chr4	24494818	24495390	111.4
chr6	6662478	6663245	157.2
chr18	10126038	10128323	287.04
chr18	10126077	10128323	304.54
chr17	8676549	8679039	189.1
chr17	8676549	8679039	154.6
chr19	10541001	10542555	169.5
chr19	10541001	10542555	333.4
chr11	6387395	6388186	136.1
chr14	22333369	22333808	110.4
chr11	19332785	19333664	210.1
chr2	2838816	2839717	125.81
chr16	507758	509033	99.6
chr3	17152570	17153293	125.5
chr9	5734659	5740492	104.8
chr12	3109443	3110033	116.2
chr6	1411388	1414757	294.9
chr6	1411388	1414909	714.4
chr6	1411388	1414757	294.9
chr6	1411388	1414757	308.4
chr6	1411388	1414757	308.7
chr6	1411388	1414909	722.1
chrUkn	5382212	5383861	287.3
chr4	4219520	4222283	526.8
chr6	20561717	20562844	217.6
chr11	10259406	10259785	67.6
chr14	449378	450147	199.5
chr10	6129042	6130369	221.6
chr12	4750937	4751489	142.1
chr9	843216	844429	286.5
chr18	8594782	8596292	400
chr8	20228355	20229357	221
chr18	10874339	10874640	63.8
chr18	10876714	10878884	410.7
chr2	17844509	17844928	130.7
chr12	8887521	8888241	183
chr11	1812619	1813554	216
chr14	912552	913703	245.9
chr14	912552	913703	269.6
chr14	913250	913703	71.2
chr12	7709288	7709843	132.9
chr17	530471	531264	183.3
chr19	1245503	1248705	159.1
chr5	6343566	6344371	139.5
chr5	6343566	6344371	150.9
chr2	5091135	5094134	369.9
chr5	22836887	22837601	158.9
chr7	25831203	25832364	218.9
chr5	9183693	9184488	172.2
chr7	24428460	24429354	150.44
chr19	9070713	9071216	107.3
chr19	9071193	9071801	93.3
chr11	1177275	1178006	122.5
chr1	8087074	8088579	278.8
chr1	8087074	8088579	327.1
chr13	21328479	21330721	233.2
chr7	791262	792198	158.1
chr15	11581437	11582079	117.4
chr7	2682671	2683528	219.4
chr13	3337115	3338069	184.2
chr14	10123388	10124309	214.7
chr13	2298127	2299150	247.2
chr6	3235737	3236505	146.5
chr9	6454951	6455973	224.4
chr12	1608598	1608963	91.8
chr12	1608598	1608963	53.4
chr4	3229410	3230574	198.1
chr6	18524905	18525619	135.8
chr13	22790579	22791314	139.6
chr4	643132	643651	83.2
chr14	27543470	27543936	97.7
chr15	18417979	18418914	209.1
chr2	4789101	4790096	229.1
chr5	1191232	1191497	54.8
chr18	22018512	22019831	106.8
chr8	17369354	17369853	132.3
chr4	4539656	4540631	206.1
chr12	21366307	21367645	245.7
chr5	3517360	3518449	249
chr5	3517360	3518449	242.1
chr9	18036240	18037143	204.8
chr9	18036439	18037140	159.7
chr1	10660655	10661343	209.9
chr13	9253636	9254795	247.2
chr18	23608846	23611432	132.7
chr18	8348105	8349452	263.2
chr18	8343696	8345280	305.6
chr18	8345258	8345992	131.14
chr15	13963678	13970105	187.7
chr19	1370767	1372906	142.17
chr5	3830983	3832266	276.74
chr10	10517979	10518658	122.5
chr12	4186976	4187592	111.7
chr7	429138	430731	319.3
chr1	4415054	4419626	782.6
chr1	4416635	4418038	355.6
chr1	4418333	4419626	255.4
chr15	12100752	12101199	102.5
chr10	3674638	3681370	572.8
chr16	17496439	17497333	141.39
chr9	6598155	6598777	122.6
chr7	4235989	4236425	66.5
chr10	4875723	4876325	169.74
chr19	2954369	2954604	64
chr1	8438494	8439851	239.1
chr13	7767680	7768355	155.8
chr3	7487266	7516074	121.1
chr3	7487266	7516074	96
chr6	13709336	13710699	262
chr16	4997986	4998303	54.6
chr2	16516381	16516871	65.3
chr7	3503040	3509173	121.6
chr8	18709200	18713779	185.2
chr14	1027233	1027509	67
chr8	17238068	17238367	75.2
chr7	8578630	8579194	122.9
chr8	11539331	11540570	199
chr16	1194670	1195072	84.9
chr4	22291951	22310170	100.2
chr9	22634013	22634417	44.8
chr1	5847718	5848024	71.9
chr16	17172977	17177069	109.94
chr6	149482	150311	130.3
chr6	149482	150311	155.4
chr15	6668856	6669375	112.6
chr15	16667100	16667714	126.5
chr13	7320350	7320617	72.3
chr6	1878436	1878939	117.7
chr3	3720233	3720963	171.1
chr9	6679367	6681128	362.34
chr6	13892859	13894941	143.8
chr17	7100278	7100685	71.4
chr5	3161997	3162443	62.5
chr14	24607738	24608231	47.7
chr9	1222962	1223735	182.8
chr13	27793483	27794467	137.8
chr7	15885764	15886532	195
chr13	27524357	27525960	311
chr6	22549841	22551242	278.2
chr10	14642170	14645155	230.2
chr10	14642170	14645155	248.5
chr5	2989257	2989764	154.2
chr16	13362352	13363036	144.5
chr11	2836219	2843089	99.6
chr6	5409273	5409721	84.9
chr1	6262438	6271563	93.1
chr3	11122387	11123093	165.6
chr13	28778943	28779387	87.5
chr14	26830863	26831358	91.2
chr19	7285507	7286959	143.95
chr18	8235559	8236559	225.7
chr15	17184435	17185963	293.9
chr18	12128646	12131098	73.2
chr9	472459	473528	212.5
chr7	6280424	6281072	152.3
chr2	17332274	17332850	134.4
chr11	3270765	3271948	239.4
chr14	615419	616385	202.4
chr15	14901271	14901656	77.7
chr5	20886468	20887393	192.2
chr11	748266	748827	113
chr10	856025	856572	73.29
chr13	498583	499314	175.44
chr16	20857690	20858389	150.6
chr6	21546124	21546612	90.4
chr12	16110530	16111452	152.23
chr17	163244	163984	162.6
chr7	21504420	21507224	226.8
chr12	21783540	21783851	57.5
chr17	4861811	4862389	117.4
chr8	7602575	7602926	75.4
chr8	332775	333099	52.9
chr12	21058807	21059461	139.3
chr3	1277921	1278530	124.9
chr13	1027388	1027989	97.3
chr13	162513	163213	113.5
chr18	5656979	5657550	147.5
chr5	1077446	1078102	139.5
chr19	6316431	6317284	163.4
chr8	208872	209203	62.5
chr14	22042488	22042906	105.7
chr4	17353118	17355225	66.7
chr7	23448030	23448457	104.4
chr13	21331075	21331440	78.9
chr9	19216501	19216791	35.9
chr4	14329056	14329685	61.9
chr15	19078260	19078896	137.9
chr15	16132515	16133179	153.2
chr13	28843349	28844533	218.8
chrUkn	3529004	3531188	418.3
chrUkn	3529004	3531188	376.9
chr4	17132015	17136829	123.6
chr6	21370305	21370876	95.7
chr5	22894190	22895634	482.3
chr5	22996888	22997598	171.3
chr5	6644885	6647150	405.07
chr18	21260659	21261601	109.01
chr5	24035140	24037043	370.2
chr4	17009214	17012785	778.04
chr2	7417802	7418472	118.1
chr4	16692974	16694913	200.8
chr17	12533225	12534284	193.4
chr8	20131116	20134746	224.9
chr8	20131116	20134746	213.1
chr4	863251	864095	157.5
chr8	13725869	13726423	127.2
chr14	2685478	2690703	344.7
chr14	2685478	2689323	346.3
chr15	15125131	15127319	75.4
chr2	16445057	16446039	199.1
chr11	10503461	10504335	162.8
chr7	817395	818194	180
chr12	5609766	5610057	84.1
chr18	12223873	12224928	214.7
chr1	18059708	18063476	185.7
chr1	18059708	18063476	188.1
chr9	15227961	15230341	366.5
chr8	21658697	21659704	170.6
chr9	4100565	4101898	212.6
chr4	4513163	4513993	207.2
chr9	14046427	14048842	186.6
chr9	14047668	14048842	180.1
chr9	26364	26880	204.1
chr5	11489844	11490438	99.17
chr1	22316628	22317791	144.99
chr9	7550685	7551358	134.6
chr18	825703	826123	95
chr10	4960353	4964290	569.5
chr10	4960353	4962103	207.8
chr10	4960353	4962219	379.5
chr13	1555826	1556383	102.7
chr4	11641980	11642415	88.3
chr7	1346350	1346750	46.39
chr11	882821	883321	98.4
chr10	860123	860589	82.5
chr9	5887240	5887661	79.3
chr3	2981270	2981613	69.2
chr19	8320258	8320593	19.75
chr18	31172894	31173182	75.7
chr9	13366763	13367144	60.7
chr6	4840843	4845395	190.9
chr6	8858277	8865152	184.4
chr2	7120123	7120673	113.4
chr13	21020620	21021843	145.5
chr13	21020662	21020936	61.2
chr13	21020662	21023824	327.9
chr13	21129715	21132030	118.2
chr13	21020662	21024947	226.2
chr13	21021060	21021684	149.2
chr10	10598893	10599272	63.4
chr17	7363655	7366625	114
chr17	7363672	7366625	298.6
chr18	8891263	8893733	556.5
chr16	22325933	22326749	90.8
chr14	27584008	27599152	175.4
chr16	20327896	20328597	180.4
chr6	18065616	18066241	142.1
chr10	5053768	5054115	62.8
chr16	22968909	22969774	117.54
chr13	24655458	24656396	211.3
chr13	27272825	27273614	161.3
chr3	7603559	7604016	116.34
chr12	4474005	4474477	103.7
chr1	447710	448308	114.5
chr8	4598078	4598653	119.9
chr18	10847519	10847970	108.8
chr6	18043951	18044457	113.6
chr18	8603284	8603716	48.3
chr18	8340805	8341596	102.4
chr18	8340805	8341857	225.2
chr2	2352280	2352919	141.89
chr10	1884911	1885507	157.3
chr15	18141697	18142348	121.8
chr17	10630372	10630985	125.4
chr3	4033559	4035450	71.7
chr3	4033559	4035450	353.72
chr5	3703698	3704397	149.8
chr1	10142163	10143612	288
chr18	6364946	6365881	170.1
chr18	6364946	6385650	323.6
chr18	6364946	6384645	223.8
chr18	6364946	6385650	286.9
chr18	6364946	6384645	207.2
chr18	6364946	6385650	313.5
chr4	6040429	6040954	102
chr13	6997217	6997744	114.5
chr10	11784662	11785086	41
chr6	18276444	18277154	160.3
chr4	3860977	3861354	84.2
chr17	5966847	5968992	461.2
chr14	28937467	28937791	52.1
chr18	10527217	10528547	280.3
chr14	25536305	25536837	106.1
chr8	8497309	8498621	424.2
chr7	3770934	3771392	67.4
chr18	8765097	8765513	68.5
chr5	227840	228363	98.8
chr7	5011058	5011827	161.5
chr13	28840384	28840736	97.6
chr13	28027856	28028347	107.2
chr17	12939917	12940750	178.6
chr17	12939917	12940750	161.8
chr5	4505169	4505837	176.5
chr11	17057140	17057725	57.53
chr2	18469083	18470710	357.2
chr8	19649711	19650668	152.47
chr8	19649711	19650668	146.07
chr1	507370	508667	80
chr1	507370	508587	183.6
chr7	21980600	21982960	373.4
chr18	2542493	2542819	49.9
chr5	4484248	4485070	250.5
chr19	2953694	2982252	102.9
chr2	1335697	1336507	189.4
chr15	14918391	14919697	266.8
chr6	16155319	16155982	111.9
chr5	457089	457522	105.9
chr1	581293	582161	201.4
chr6	2385240	2385763	157.5
chr8	13458445	13458828	73
chr8	22227700	22227990	28.4
chr17	7237578	7238069	112.3
chr18	10221977	10223250	269.9
chr1	18479293	18479809	64.5
chr6	17837740	17838485	80
chr8	13490512	13491536	202.2
chr3	1089705	1090124	69.9
chr8	17735591	17735870	55.6
chrUkn	21571369	21571865	103.3
chr8	14330016	14331459	263.4
chr9	12444477	12444842	88.8
chr18	20368320	20368850	138.1
chr8	2484150	2484770	100.3
chr1	4906758	4907731	160.9
chr9	13593656	13598192	115.3
chr10	8169180	8170225	216.31
chr15	16167571	16169077	298.5
chr17	7202877	7208203	250.17
chr17	7202877	7204175	246.8
chr17	7202877	7204175	267.1
chr17	7202877	7208203	263.67
chr17	7202877	7204175	282.6
chr4	19089563	19089944	77.3
chr3	2197883	2200290	487.8
chr18	34197356	34197893	91.2
chr12	3009304	3009965	114.3
chr6	4873646	4874309	113.4
chr19	5198886	5199722	184.9
chr6	2272421	2272886	96.1
chr8	12167522	12168496	221
chr4	22559078	22559875	101.6
chr12	20462760	20463519	167.8
chr10	2169811	2170154	67.3
chr8	17429003	17430740	176.8
chr8	17429003	17429985	189
chr16	22850467	22850911	71.4
chr18	4220259	4220606	61.2
chr6	315071	315754	125.4
chr4	24517373	24517846	124.3
chr1	7580097	7580501	93.4
chr6	986496	987413	146.5
chr2	7638111	7638941	87.7
chr1	19892487	19893108	126.1
chr4	12222707	12223357	142.5
chr13	5995919	5996401	99.8
chr9	13533163	13533930	165.7
chr18	4257391	4257675	59.5
chr3	1769270	1771502	482.6
chr13	18853493	18854430	118.1
chr13	18853493	18854490	158.6
chr10	6052988	6054247	282.24
chr10	6052988	6054247	260.7
chr10	4905332	4907356	214
chr4	1634105	1635638	359
chr3	9224763	9225366	97.35
chr14	16120812	16121076	54.1
chr1	4990019	4990395	72.3
chr3	18325401	18326392	208.4
chr18	28228976	28230429	334.2
chr18	25393407	25394255	151.6
chr8	14357161	14358028	183.3
chr8	11548233	11548633	101.8
chr2	10245047	10256399	36.3
chr3	9704552	9705801	291.1
chr8	19459536	19460636	236.8
chr8	19457669	19459458	371.2
chr9	1134690	1135647	231.8
chr18	2085993	2087886	518.5
chr18	2085993	2087383	416.6
chr18	2085993	2087886	540.7
chr17	1104619	1105374	163.7
chr11	4030939	4031913	186.17
chr8	16686635	16687215	127.9
chr17	223582	224070	77
chr14	23320601	23321007	91.9
chr2	1275375	1275812	77.4
chr2	1271788	1272325	82.1
chr4	1648068	1649911	474.4
chr18	17737842	17738049	40.7
chr4	1089598	1090475	189.6
chr7	12301310	12303345	401.8
chr11	2327134	2327703	124.8
chr14	22184507	22185179	143
chr8	10936331	10936870	131.6
chr4	7695305	7697014	367.1
chr15	10945076	10948457	80.2
chr7	17074700	17075192	81.2
chr4	2568470	2569029	70.9
chr6	364331	364958	140.9
chr3	9703651	9704591	182.4
chr1	3873974	3875275	309
chr18	6495917	6502871	302.8
chr16	22581001	22581485	91
chr1	9730628	9731126	102.7
chr10	637917	638352	79
chr18	4462272	4462717	107.2
chr17	16532660	16533204	90
chrUkn	6397786	6403236	355.7
chr13	361839	362780	243.6
chr2	3696225	3696685	93.5
chr13	341128	341858	121.3
chr13	341250	341858	115.3
chr13	6221302	6224685	449
chr6	22353858	22354421	111.5
chr8	13423117	13424183	219.1
chr12	9402604	9403284	111.77
chr12	5353655	5354573	240.55
chr19	6614068	6614354	68.7
chr9	3981518	3981992	132.5
chr9	2758370	2758811	95.6
chr14	5922890	5924034	148.47
chr14	5923187	5924034	168.6
chr14	5922101	5924165	287.8
chr18	14580362	14581606	201.3
chr18	14579716	14580032	44.6
chr9	15228533	15234257	108.8
chr9	1857014	1857579	92.4
chr9	1857286	1857649	68
chr9	1857014	1857791	98
chr10	8262130	8263691	396.5
chr10	8262130	8263941	383
chr10	8260424	8263691	212.9
chr7	17839668	17841239	273.2
chr6	19571374	19571930	116.8
chr6	9082646	9084695	378.8
chr6	9082647	9084561	247.3
chrUkn	11291520	11291815	52.7
chr14	579673	583221	241.4
chr9	20163741	20165681	74.1
chr2	6559628	6560083	88.2
chr1	1362810	1363192	73
chr12	22321961	22323146	215
chr11	17338181	17339567	252.54
chr11	17338616	17339567	221.7
chr13	5994794	5995161	79.9
chr14	27414061	27414593	103.3
chr19	6782515	6783402	183.9
chr8	14633151	14633828	113.6
chr8	14633151	14633828	122.6
chr8	13529617	13530363	149.4
chr13	6130495	6131070	98.8
chr10	4118683	4119021	72.9
chr13	2780934	2781239	53.6
chr7	23638867	23639282	59.9
chr5	7645364	7645666	105.3
chr7	21981813	21982804	141.9
chr11	2476221	2477154	206.8
chr3	2981536	2981864	58.1
chr7	3259112	3259647	121.2
chr4	598779	599160	32.2
chr18	5479524	5479900	61.9
chr18	5478103	5479900	61.99
chr17	1798993	1799523	92.8
chr14	5694460	5694791	48.12
chr16	15570485	15570825	79.7
chr14	21607122	21608245	231.9
chr5	9474681	9475333	129.3
chr11	6488546	6490589	162.8
chr13	6707801	6708633	218.1
chr18	8763185	8765101	396.5
chr8	11815730	11822234	440.6
chr8	11817383	11822234	387.3
chr8	11817520	11821982	179.8
chr8	19300494	19303206	557.7
chr16	20706007	20711794	265.45
chr1	19514445	19516446	378.2
chr16	308167	308754	78.5
chr4	20688593	20689025	68
chr15	17230462	17234209	165.1
chr11	6549406	6549796	103.9
chr11	6548944	6549495	175.5
chr1	19607484	19607898	78
chr18	12149090	12149532	96.8
chr14	7430394	7430802	105.4
chr18	13477799	13478350	125
chr18	4749615	4751080	286.4
chr6	19520477	19521235	189.3
chr19	9254647	9255486	222.7
chr15	10074713	10075249	91.9
chr18	25534907	25535459	89.9
chr7	24357179	24358409	226.7
chr14	28936449	28937379	167
chr13	27313331	27315511	336.2
chr13	27347122	27349939	259.2
chr13	27346466	27349939	424.4
chr13	27347210	27349939	433.9
chr13	27346466	27349939	399.2
chr13	27346466	27349939	534
chr13	27312829	27315511	423.6
chr14	27639867	27640954	130.6
chr13	8314333	8320359	272.2
chr12	6846759	6847585	187
chr7	2439449	2442221	457.4
chr7	2439449	2442221	345
chr7	2439449	2442221	424.8
chr17	15106178	15113500	189.2
chr18	15546737	15549508	114.5
chr12	23824050	23824520	85.5
chr8	4105584	4105874	44.8
chr5	6711163	6711574	82.8
chr10	737970	738351	64.95
chr7	3766783	3767606	173.2
chr9	6480222	6480652	100.8
chr8	16321341	16321896	102.2
chr7	4033101	4033688	116.57
chr7	4772808	4773212	73.7
chr8	19303083	19303509	74.5
chr4	19746024	19746894	220.6
chr18	808099	808464	62.3
chr12	7262324	7263147	139.4
chr18	5687085	5687567	115.9
chr9	960846	961786	225.4
chr18	27544228	27572747	282.3
chr12	21121912	21123841	106.4
chr12	23368036	23368716	127.3
chr6	15494714	15495124	106.7
chr8	15864770	15865142	72
chr8	15863423	15864808	308.2
chr1	10978666	10980778	422.3
chr9	19003638	19004963	289.9
chr6	15067162	15069597	484.4
chr13	23210206	23213268	397.8
chr13	23210206	23213268	372.9
chr13	23210206	23213268	422.4
chr13	23210206	23213268	373.7
chr1	23205417	23206309	182.9
chr3	1015742	1016126	88.2
chr11	716331	717030	123.3
chr5	3540208	3540795	126.4
chr1	5346787	5348362	323.7
chr4	4529455	4530555	159.6
chr4	4529455	4530555	187.9
chr4	4529455	4530555	142.3
chr17	6481504	6482971	242.8
chr15	18922061	18924236	327.99
chr12	5970010	5970920	209
chr14	20529693	20534288	292.9
chr14	20529693	20534288	271.3
chr14	20529693	20534288	235.6
chr14	5204253	5206630	285.8
chr18	8761813	8766911	342.1
chr18	8761813	8762932	201.9
chr18	33568835	33569763	171.3
chr18	33568835	33569763	189.3
chr19	6419808	6421056	244.8
chr19	6416182	6416832	117.9
chr13	23005829	23007224	303.6
chr18	24251147	24251541	93.8
chr17	5621371	5626229	103
chr14	358216	361915	824.17
chr14	359234	361915	570.1
chr9	11278885	11280193	247.2
chr13	26906095	26930318	239.5
chr13	26906095	26930318	248.8
chr13	14821866	14824369	178.44
chr11	884348	885245	199.3
chr2	7605263	7606034	111.6
chr2	7605263	7606034	115.6
chr4	444521	451864	251.3
chr14	29782119	29783696	321.5
chr14	29782523	29783696	326.7
chr4	16676609	16677291	234.6
chr5	2407621	2408128	66.3
chr15	16734641	16736168	277.4
chr13	20494470	20495203	175.1
chr18	4512399	4513159	179
chr18	4512399	4513159	154.3
chr6	5226687	5227241	116.4
chr15	10985520	10986587	217.5
chr17	8924559	8925028	98.9
chr18	31511409	31511924	117.9
chr10	7529579	7531502	312.2
chr17	16883968	16884761	164.04
chr13	27659367	27659829	105
chr18	34277507	34277754	47.44
chr14	15622961	15623743	58.7
chr7	20071314	20072061	200.3
chr15	18244222	18246159	224.3
chrUkn	13392756	13393392	205
chr9	22597578	22598297	165.6
chr9	20163976	20190639	177.9
chr3	19174416	19180323	124.2
chr7	7698451	7701523	154.9
chr7	7698451	7701523	140.9
chr15	18616003	18616953	203.7
chr15	18616410	18616953	133.6
chr16	19107329	19109853	170.4
chr2	9115004	9115724	153.4
chr8	21380309	21385082	96.6
chr4	22204610	22205741	326.7
chr15	19195132	19195769	125.4
chr17	8243718	8245663	416.2
chr6	15545485	15546387	154.1
chr10	8170606	8172031	298.99
chr10	3609522	3610406	178.1
chr10	3609522	3610406	159.3
chr8	18994782	18995909	225.2
chr2	3292443	3293369	228.3
chr19	20038791	20039635	175.7
chr1	22137073	22138384	237.2
chr1	11402060	11402663	110.5
chr2	8479090	8480447	235.4
chr10	16781231	16782135	209.9
chr15	18280858	18281520	175.6
chr7	3763192	3763737	134
chr7	19266447	19267070	119.1
chr6	6352382	6353012	110.3
chr9	2081524	2085195	173.2
chr9	2081524	2085195	171.1
chr7	10315294	10315709	107.2
chr7	10315294	10315709	90.6
chr16	6563649	6564413	118.4
chr8	9338844	9339727	173.87
chr14	27914622	27919062	172
chr5	4382827	4383854	192.6
chr14	29682824	29684038	253.8
chr13	21858204	21858961	212.2
chr16	17855093	17862253	95.3
chr6	20182018	20182790	120.6
chr4	4199520	4200083	143.6
chr9	5365607	5365962	108.6
chr6	14064986	14066765	115.9
chr6	14061106	14066765	126.4
chr18	4156515	4158456	391.8
chr13	6626521	6627517	246.9
chr1	4544661	4545537	192.8
chr9	14021719	14025361	121.6
chr2	2573624	2579089	105.2
chr2	2575355	2579519	258.5
chr2	2573624	2574093	86.8
chr1	10484456	10485566	263.1
chr1	10483283	10484244	194.3
chr1	10484456	10485566	288.2
chr18	32637093	32651379	152.7
chr10	11448663	11449990	262.2
chr10	11448663	11449990	272.3
chr6	6089223	6089727	167.4
chr14	1419914	1420724	149.9
chr8	21712801	21714323	239.8
chr10	7295113	7296464	304.89
chr8	9897971	9899190	252
chr7	21654546	21655707	257.4
chr18	7832691	7833032	54.5
chr12	23856565	23858564	505.2
chr1	1319967	1321184	228.2
chr4	18856367	18857248	218.7
chr11	6526839	6527273	150.2
chr18	8370351	8370799	89.7
chr18	1806282	1806896	132.3
chr14	26227835	26228510	125.9
chr3	7567047	7568606	318.9
chr16	18302074	18302723	93.2
chr15	5259736	5263873	130.97
chr6	21036003	21036601	125.4
chr18	919783	921837	186.7
chr18	13447704	13448233	108.2
chr1	3339178	3339525	74.3
chr12	1609330	1609727	104.1
chr1	3890690	3891660	198.07
chr13	19150530	19151077	85.6
chr14	19710078	19710809	228.6
chr13	9352686	9353278	148.1
chr4	7646615	7647562	205
chr7	18944663	18945707	226.68
chr18	4703221	4704396	257.6
chr13	5629134	5629552	91.5
chr5	9246645	9248507	301.2
chr7	24429207	24430012	154.97
chr9	13367767	13368071	71.3
chr19	9150718	9151707	191.2
chr4	21463450	21464379	226.7
chr12	6700980	6702855	126.6
chr18	6742986	6743317	50.4
chr8	7719404	7720427	199.1
chr9	5685835	5686630	191.4
chr16	18756098	18757097	201.7
chr3	3269140	3269673	118.9
chr8	18832169	18832580	88
chr8	22092184	22092808	141.1
chr7	4745535	4746357	146
chr9	4409527	4410636	277.1
chr5	15087408	15087895	107.7
chr14	451161	452480	288.7
chr16	19089180	19090118	167.04
chrUkn	16878375	16879169	211
chrUkn	16878375	16879193	232.6
chr19	20971032	20982579	303
chr19	20971032	20982579	249.2
chr18	346643	347451	172.6
chr18	9573717	9574988	214.4
chr2	4064377	4064930	141.8
chr15	16216088	16216460	59.4
chr19	23448014	23450245	112.9
chr19	23448014	23450245	228.15
chr15	11137324	11144790	124.6
chr15	11137324	11138600	270.2
chr15	11137324	11143267	173.6
chr15	11137324	11138600	176.1
chr17	9059634	9060233	162.4
chr3	14492898	14493670	135.77
chr18	7221431	7248991	166
chr18	7221431	7248991	177.6
chr18	7221431	7248991	180.9
chr8	18601062	18602071	216.6
chr13	770339	771254	161
chr10	5147605	5148449	197.9
chr6	6333607	6334019	80.3
chr9	4516031	4523909	91.5
chr3	4238821	4239507	120
chr19	13897761	13898633	155.9
chr2	15174895	15175483	157.3
chr3	7451430	7451834	95.1
chr4	20203803	20204438	108.2
chr17	4862474	4862842	73.9
chr14	1036912	1037373	62.6
chr2	7591901	7592192	60.4
chr9	778578	779037	150.5
chr18	31505318	31505708	87.4
chr9	9836208	9836505	48.1
chr18	2859917	2860331	90
chr5	228361	229209	172.5
chr18	23299507	23299815	72.4
chr7	3016944	3024981	305.35
chr4	7562905	7578500	141.3
chr13	10368210	10376840	98.2
chr2	18118280	18122293	289.41
chr2	18118280	18122293	289.41
chr2	18118280	18120094	341.19
chr2	18118280	18122293	307.79
chr2	18118280	18122293	267.31
chr2	18118280	18120094	297.46
chr8	14139915	14140886	185.9
chr9	330175	330911	101.7
chr9	1983288	1986241	106.2
chr9	1982656	1983699	120.6
chr9	1995187	1998524	136.7
chr4	9377684	9380763	132.3
chr4	3288804	3289326	104.5
chr9	16208643	16227322	120.3
chr1	9350156	9351268	314.6
chr5	22422638	22424097	298.4
chr9	603614	603910	132.6
chr9	15199479	15203239	154.6
chr13	25317928	25319635	331.84
chr12	21780616	21781733	134.5
chr13	11945544	11951876	787
chr13	12058610	12085780	960.8
chr13	11945544	11949789	568.4
chr13	12058610	12085780	947.7
chr13	12058610	12085780	944.2
chr13	12058610	12085780	957.7
chr19	3299676	3300196	97.1
chr6	3999553	4001868	464.5
chr10	6178328	6189138	100.2
chr12	7148065	7148629	106.6
chr14	25061932	25063374	272.4
chr1	7625668	7633658	193.5
chr4	630000	630646	148.5
chr11	19503271	19503923	153.1
chr8	20848604	20849811	234.1
chr6	8450361	8450877	88.8
chr3	7953747	7954020	54.3
chr19	2250927	2251431	121.4
chr1	23801423	23802836	323.8
chr16	2265373	2266677	227.87
chr7	8180392	8181181	118.1
chr7	8180392	8181181	172
chr7	8180392	8181181	194.4
chr1	1503822	1505066	123.2
chr1	11134496	11134985	106.9
chrUkn	23840142	23840773	160.5
chr17	2473685	2474362	139.2
chr7	4547202	4547649	50.5
chr7	4546379	4547269	56.11
chr18	13755339	13756250	222.3
chr18	13755339	13756250	199.7
chr18	13755671	13756250	158.1
chr8	20791283	20791866	77.7
chr16	2789982	2792916	723.4
chr12	16268928	16269701	237.6
chr16	2789982	2792916	747.7
chr12	20466041	20467054	104.4
chr12	20466041	20469096	180.3
chr7	2355920	2357463	342.9
chr7	24400899	24402109	145.2
chr2	3115822	3174617	241
chr2	2692976	2694840	240.1
chr13	1216308	1218145	376.52
chr18	33517409	33517945	66.7
chr18	33517105	33517448	67.2
chr18	33517105	33517429	63.3
chr7	732928	733320	99.2
chr12	18474356	18476287	280.9
chr12	18474356	18475261	218
chr12	18469803	18476399	173.7
chr12	18438914	18470710	185.6
chr6	5298442	5299192	152.8
chrUkn	1132910	1133227	87.5
chr17	3954121	3954605	115.5
chr6	9417754	9418419	146.7
chr5	23041036	23041655	127.8
chr14	25300884	25301721	178.4
chr9	8347174	8347742	117.9
chr9	3076154	3076639	110.6
chr17	13615782	13616524	191.7
chrUkn	8291204	8291585	69.57
chr12	5411632	5412029	68
chr4	6413163	6413860	107
chr19	6798555	6799025	103.4
chr7	17822425	17822916	74.9
chrUkn	21765013	21766034	154.6
chr12	6164236	6164890	156.9
chr18	4453616	4455038	211.3
chr18	22483900	22484136	42.6
chr16	19596303	19596674	80.2
chr9	1396634	1397413	183.4
chr16	19326246	19327242	188.64
chr9	1949805	1952166	445.67
chr1	23359779	23363757	159.4
chr11	3799213	3800084	105.2
chr7	23144930	23145281	67.4
chr14	25397861	25398192	35.6
chr8	9627978	9630696	142.3
chr8	9627978	9629290	267.6
chr14	24003108	24009343	258.35
chr14	24003108	24008292	178
chr1	11205655	11206117	87.4
chr13	26023220	26024981	436.5
chr6	18976494	18977757	244.2
chr4	2327378	2328393	199
chr8	20709574	20710523	232.1
chr8	20696878	20710523	240.2
chr8	20696878	20710523	219.5
chr4	4918910	4920286	227.7
chr18	2925602	2926541	196.5
chr6	5621767	5622286	107.7
chr17	12126743	12127804	264.3
chr13	1554303	1555312	229.9
chr7	3584894	3585895	187.8
chr15	6461768	6463095	213.1
chr16	23462410	23462908	99.07
chr4	1982561	1983324	112.17
chr4	1982561	1983324	73
chr17	7597605	7598489	168.8
chr18	22098532	22101018	588.3
chr19	15188979	15195474	59.2
chr9	14811633	14812032	114.1
chr13	26766329	26766946	104.6
chr12	22885149	22895318	215.1
chr13	26394789	26395326	116.3
chr18	2112403	2112730	91.9
chr19	8452983	8453361	82.4
chr4	18925946	18926556	124.8
chr5	4486653	4487074	106.1
chr5	4486653	4487074	65.3
chr7	12172164	12173500	267.7
chr2	97284	98467	252.4
chr13	18322767	18323505	141
chr4	22159301	22160261	212.1
chr10	2898349	2898812	86.3
chr3	7929918	7937544	369.1
chr16	18449374	18450043	155.5
chr7	5019667	5019959	65.67
chr13	5700323	5700703	105.4
chr10	3949496	3949999	64.87
chr2	7235583	7242529	144
chr2	7235583	7242529	127.9
chr2	2926279	2926738	78.6
chr19	23014214	23014525	74.6
chr10	2673518	2673807	57.2
chr3	1468591	1470094	331.5
chr13	2977638	2978001	64.3
chrUkn	16832545	16833559	181.5
chr5	8549625	8550066	79.1
chr15	19145145	19146112	277.9
chr7	25287757	25288124	73.9
chr19	4193861	4194663	132.9
chr3	605980	607513	184.8
chr3	605980	607513	201.61
chr3	605980	607513	163.5
chr9	3563523	3564680	228.12
chr9	3563523	3564680	163.82
chr5	10303483	10304156	139.24
chr5	8786681	8791045	241.5
chr14	22388771	22390224	344.9
chr11	3459602	3460999	405.04
chr5	20597002	20597752	116.6
chr2	8535985	8536499	107.5
chr16	18002279	18002628	54.4
chr5	2623839	2624701	206.2
chr8	14356309	14357167	158.7
chr5	21263707	21265402	333.7
chr12	22764304	22764861	95.2
chr16	20754292	20756393	57.1
chr10	18836795	18837375	260.1
chr18	8767065	8767542	92
chr18	8767131	8768151	215
chr15	15451318	15451926	117.7
chr4	2853905	2855523	146.4
chr8	20813417	20815300	89.4
chr8	20814019	20815303	352.6
chr6	6690272	6690785	73.35
chr12	7709932	7710314	91.2
chr2	7230465	7230938	91.6
chr6	9232116	9232993	187.3
chr9	21800629	21801462	173.9
chr17	3000901	3001292	108.7
chr2	1637720	1638585	192.6
chr10	8912475	8913315	179.9
chr18	4343683	4344774	257.4
chr18	4343683	4344774	252.2
chr6	4228983	4229791	156.4
chr8	20012162	20012704	123.1
chr13	9393786	9394218	82.4
chr13	7587508	7588070	90.3
chr13	20755583	20756106	93.3
chr6	8306661	8307822	215.3
chr4	3582237	3582794	88.3
chr18	7788308	7788740	88
chr7	1955204	1955813	148.1
chr11	3786316	3786940	102.4
chr15	16663376	16664147	174.4
chr18	3880197	3881388	261.79
chr6	19033763	19035241	277.9
chr6	19033763	19035241	295.2
chr6	19033763	19035241	253.3
chr15	14785942	14786761	188.7
chr6	1876059	1876462	98.9
chr14	5687831	5688193	52.6
chr7	17805732	17806331	86.69
chr12	22552795	22553743	150.3
chr12	22551726	22553743	93.3
chr11	3321231	3322425	243.3
chr4	5090885	5091777	166.8
chr15	12902712	12903180	67.5
chr2	3950040	3950433	83.3
chr11	5370473	5371012	90.5
chr14	7536159	7536850	156.3
chr16	20749617	20750936	202.5
chr7	18275973	18276311	95.3
chr6	19793532	19795184	168.1
chr11	18311160	18312050	150
chr6	19367869	19368270	103
chr15	19191779	19205160	534.6
chr4	20109805	20112399	556.8
chr15	18830745	18832044	206.47
chr8	1242349	1243402	216.9
chr9	9936294	9937916	50.44
chr9	9935747	9937251	41.7
chr9	9934340	9937251	50.74
chr18	6772900	6774150	303.8
chr12	8397771	8398036	56.3
chr14	10639814	10641404	70.3
chr2	46709	48102	217.3
chr15	16401878	16403085	133.9
chr16	18303523	18304038	93.9
chr13	17311731	17312074	80.8
chr12	8373286	8374455	271.1
chr3	973742	974265	110.4
chr6	5956191	5956696	54.4
chr10	1138894	1139420	139.4
chr3	5802618	5803207	145.3
chr6	4554563	4571895	196.7
chr17	718117	718900	159.1
chr14	3617039	3621116	138.9
chr14	3616991	3621041	137.9
chr14	3617039	3621116	138.9
chr17	6120874	6121954	275.8
chr12	22012130	22012844	118.2
chr13	21803752	21805321	330.7
chr19	6752181	6752619	86.3
chr11	3814328	3816177	37.6
chr10	3994873	3995229	55
chr3	7704336	7704734	105.9
chr9	7609904	7610940	274.5
chr1	3565460	3566241	156.1
chr16	12226531	12227086	42.8
chr9	7738030	7738865	105.5
chr9	11515509	11516916	274.2
chr13	25352252	25354760	299.9
chr13	25352252	25354760	285.6
chr5	6016334	6018824	868.4
chrUkn	25683171	25683459	41.4
chr11	12866088	12888026	143.4
chr10	17917787	17918797	117.6
chr11	12860807	12871066	110.4
chr18	27951849	27959371	217.3
chr14	8837441	8843602	103.4
chr18	27195413	27196164	153.8
chr14	28545560	28546578	65.1
chr14	28545560	28546578	75.78
chr13	23266824	23283078	142.1
chr9	255083	255370	59
chr4	17843716	17844233	131
chr8	7785239	7786585	92.9
chr17	15108755	15109765	207.1
chr14	25323407	25323999	172
chr1	2608496	2609512	228.5
chr2	5564868	5566090	397.4
chr13	17256856	17257366	59.4
chr12	6266033	6266508	178.9
chr1	523827	525259	348.8
chr6	21557322	21558183	141.9
chr2	4687860	4688772	211.5
chr4	20167086	20168478	237.4
chr3	9712603	9713025	103.7
chr8	15807067	15807743	141.4
chr8	15807721	15808639	180.5
chr1	6175057	6175755	115.6
chr8	9661543	9663969	532.5
chr6	2921138	2922036	158.8
chr15	19751044	19752004	238.7
chr1	22428189	22429794	345.5
chr4	15326146	15327014	171.3
chr17	9436348	9438124	467.3
chr16	21149638	21151247	427.2
chr18	4240426	4241432	180.3
chr15	18451738	18453350	326.8
chr3	3750910	3752506	370.3
chr15	13353912	13355232	189.07
chr15	13354349	13355232	160.54
chr15	13955780	13956906	200.87
chr16	19527835	19528352	93
chr14	29446715	29447129	125.6
chr3	709818	712988	352
chr17	3016365	3017309	198.8
chr17	3014293	3017309	271.3
chr4	411987	413306	223.2
chr4	411987	413306	243.4
chr16	17500387	17500946	93.2
chrUkn	1228120	1229267	223.6
chr4	6713729	6714075	73.5
chr6	389003	389445	80.7
chr9	4246322	4247194	167.4
chr16	2968264	2968805	95.6
chr7	8183812	8184193	48.6
chr18	1449036	1449355	82.7
chr16	2223480	2223931	81.6
chr14	536239	536751	100.5
chr18	4453583	4454018	74.6
chr5	3518752	3519457	210.3
chr5	3518752	3519457	219.8
chr18	421127	421574	76.7
chr3	4237997	4238732	129.5
chr8	22226347	22227050	122.5
chr15	12985555	12986096	102.48
chr3	8579616	8579972	47.4
chr14	27783141	27783776	155.2
chr8	14512617	14513035	78.6
chr14	22368783	22369186	100.1
chr4	21646442	21646692	41
chr19	3919076	3921698	99
chr12	6165329	6165838	122.5
chr13	10569453	10570084	164.1
chr3	19484261	19486742	116.4
chr5	11800016	11801334	293.07
chr11	3987219	3987995	161.1
chr11	3986456	3987241	156.5
chr4	3384827	3385626	109.8
chr13	5862858	5863851	212.1
chr4	688545	689952	284.9
chr9	1394626	1395727	188.51
chr12	1765715	1766377	163.1
chr8	9795194	9795975	179.2
chr6	4011955	4012620	85.9
chr18	7642154	7642491	71.2
chr5	5648227	5654112	307.6
chr5	5648227	5654112	340.8
chr8	21375538	21376042	111
chr2	17843914	17844471	127.2
chr7	23849933	23851480	328.2
chr7	23849933	23851480	309.4
chr3	16682113	16682422	63.3
chr9	9508571	9508928	72.5
chr13	21264714	21266043	263
chr12	8947499	8948142	135.1
chr6	3267994	3268777	146.39
chr5	23039392	23040253	178.4
chr10	6977071	6978329	256.3
chr10	7095218	7095983	140.5
chr9	10399398	10399882	77
chr9	10397131	10397687	84
chr9	10396285	10397830	275.4
chr8	19002385	19002913	126.6
chr2	4790949	4792914	481.6
chr2	4791906	4797270	313.9
chr15	7971524	7972309	152.2
chr4	20297323	20297641	58
chr11	3977368	3978157	191.2
chr16	14984467	14985084	97.2
chr12	22561077	22561967	206.6
chr9	2950271	2950538	32.4
chr6	6108699	6109201	93.6
chr8	16677340	16677877	151.4
chr6	7660860	7661203	64.2
chr1	1547494	1560762	147
chr1	1547494	1560762	151.3
chr2	2954046	2955195	255.08
chr3	5995476	5995994	121.5
chr3	5995971	5997378	303.7
chr6	22506951	22508223	250.8
chr8	16241429	16242206	180
chr6	6359851	6364099	117.5
chr13	3762602	3763916	312.8
chr5	7898048	7899207	239.4
chr19	9104673	9112625	229.8
chr2	4543829	4546147	594
chr13	1051097	1052980	168
chr8	1966603	1967865	265
chr14	16645266	16645499	53.5
chr16	2125935	2127432	432.1
chr1	8189893	8191869	271.6
chr1	8189893	8191869	298.1
chr15	13285544	13311742	272.2
chr18	1577708	1602308	168.7
chr18	1577708	1602308	205
chr18	1600937	1601966	279.4
chr18	27751654	27757558	234.4
chr7	3538162	3542221	210.9
chr7	15792738	15793082	61.2
chr18	3320977	3321381	48.7
chr12	3839650	3840267	109.7
chr16	2748042	2749389	271.4
chr16	2746481	2749389	177.9
chr4	3274703	3275069	82.5
chr6	4673597	4674629	246.7
chr19	15225945	15234867	146.8
chr12	9405368	9407362	77.8
chr12	1608880	1609203	58.9
chr3	1360212	1361850	336.78
chr10	13474420	13478007	129.6
chr16	19490976	19494007	609.48
chr12	5080826	5081203	57.6
chr11	3968520	3969830	278.6
chr2	18056212	18056502	32.9
chr2	18052295	18056210	766.9
chr2	18052295	18056210	839.4
chr8	10151524	10152021	105
chr1	2200569	2202189	304.1
chr1	2422982	2425212	124.1
chr15	17222418	17224162	245
chr15	17222418	17223090	143.4
chr8	12483830	12484194	61.7
chr9	19033924	19037298	105.1
chr5	3943595	3944014	99.2
chr13	4443339	4443882	86.6
chr14	26958765	26959354	101.7
chr14	1093691	1093987	43.2
chr10	10424462	10425732	291.5
chr5	2571378	2572113	123.24
chr3	4092262	4092757	71.66
chr8	21659678	21660522	165.74
chr8	20557553	20558232	109.4
chr5	25370248	25371264	100.4
chr1	7144268	7144735	86.9
chr8	21388114	21388599	93.5
chr12	1627206	1627817	102.3
chr14	26918109	26918511	78.8
chr6	385167	385909	137.3
chr13	28879426	28880206	176.8
chr4	17024471	17030184	117.8
chr14	276425	278047	257.4
chr13	5638511	5639595	252.4
chr14	24981115	24981640	113.5
chr6	9387188	9387490	54.9
chr9	1956212	1956714	80.1
chr2	3017479	3017988	93
chr15	1080077	1080377	98.3
chr10	4580773	4581364	140
chr2	2227242	2227665	98.9
chr11	5670084	5671387	292.77
chr12	1265254	1265856	112
chr5	23066093	23066669	125.3
chr17	7843948	7844696	132.6
chr17	7843605	7844696	215.67
chr7	7248443	7249129	144.68
chr14	24259506	24260724	172.3
chr14	24259506	24260724	172.3
chr14	24259506	24260724	197
chr14	24259506	24260724	163.5
chr14	24259506	24260724	219.4
chr18	7560505	7566746	247.8
chr18	7564776	7566746	430.5
chr16	2291501	2293185	361.3
chr14	1245764	1246598	143.6
chr13	1450281	1451541	231.5
chr18	11997118	11997816	148.1
chr18	11991426	11997816	186.1
chr18	11991426	11997816	166.5
chr2	7637455	7638291	130.44
chr14	25608099	25609249	208.1
chr16	18239276	18239710	87
chr18	447107	448021	159.9
chr13	2757124	2757519	114.1
chr8	18398602	18399026	90.7
chr19	23987394	23988311	168.5
chr16	16072183	16072773	135.8
chr4	19526765	19527259	93.5
chr6	19065071	19065377	47.4
chr13	10724192	10724591	81.6
chr6	4136354	4136851	98
chr15	5307946	5311143	215.1
chr6	993931	994460	142
chr5	7967803	7968289	81.1
chr16	23427652	23428281	136.5
chr16	2605466	2606456	215.7
chr14	1034127	1035134	145.95
chr14	5687443	5688766	256.2
chr4	2567998	2568338	58.8
chr14	8500041	8500524	104.5
chr1	3085864	3086994	193
chr17	3270428	3271069	162
chr8	20230661	20231401	87.01
chr11	749790	750229	82.7
chr16	2530663	2533836	130.6
chr16	2447957	2453977	225.7
chr16	2530663	2533836	115.9
chr8	333182	333637	66
chr8	333182	333637	78.2
chr13	18728218	18730697	454
chr11	3690973	3693621	514.7
chr7	19013913	19015700	185.9
chr9	13160002	13160356	101.4
chr6	18145739	18147249	292.4
chr6	373636	374298	150
chr18	20381168	20381593	74.1
chr5	7624017	7654085	86.3
chr5	7653984	7658121	131.2
chr6	22549653	22550255	112.2
chr9	5756742	5757038	47.2
chr16	17855094	17858769	90.4
chr13	10753568	10754185	77.8
chr2	18118486	18119365	173.44
chr14	20065302	20065573	47.5
chr18	33226036	33226584	134.5
chr16	14093769	14094055	46.4
chr18	11107235	11107730	108.8
chr19	17641944	17642179	54.3
chr13	26234121	26234780	75.8
chr8	11359703	11360198	119.5
chr1	23832585	23832988	75.3
chr12	22587801	22590246	439.7
chr12	21780601	21782006	177.1
chr12	21780601	21781572	80
chr17	155608	156059	75.1
chr2	7591338	7591908	99.1
chr7	438972	455527	162.3
chr13	5497213	5498650	310
chr13	27347986	27349854	265.9
chr13	27313541	27315426	207.3
chr13	2550704	2550969	51
chr18	8336204	8341630	64
chr6	6567621	6567949	60
chr14	30026322	30030250	96.1
chr18	25720583	25720935	92.4
chr18	34336593	34337205	99.6
chr10	6447423	6448402	64.5
chr18	8369511	8370010	97.9
chr13	27743150	27743636	125.6
chr1	1625696	1626265	137.3
chr5	21134961	21136327	50.9
chr7	3484174	3484709	105.3
chr10	192002	192610	122.8
chrUkn	1412707	1438562	482.1
chrUkn	1412262	1438562	510.2
chr9	21813788	21815257	206.2
chr9	6822345	6823817	85.6
chr3	17152981	17153501	75.6
chr18	27934831	27935313	74.5
chr17	17942582	17943854	231.2
chr13	1579186	1579862	163
chr11	6550476	6552378	235
chr1	3237261	3237801	83.1
chr8	21587089	21587704	128.5
chr11	17100184	17122105	146.3
chr6	13317201	13318000	136.9
chr5	17716273	17716720	63.5
chr4	21057459	21057975	122.8
chr12	120520	122002	78.5
chr12	5293912	5294247	80.8
chr19	6155028	6155487	90.3
chr15	8525094	8525668	85.4
chr17	12823491	12824061	160.8
chr2	18468350	18468861	127.4
chr9	16447567	16447925	85.5
chr11	19667590	19667954	44
chr3	3422588	3422871	53.3
chr8	12482885	12483273	77.7
chrUkn	5132178	5134316	227.9
chrUkn	23839432	23840075	165.8
chrUkn	23840055	23840650	83.9
chr15	16595125	16595972	146.24
chr5	2053051	2053474	99.3
chr18	6530659	6532333	337.24
chr16	2746589	2749081	80.4
chr9	11501427	11502105	153.3
chr7	15243597	15270716	294.5
chr3	3518162	3519121	201
chr9	7738506	7738964	127.6
chr9	4515222	4516727	78.7
chr18	3264065	3264274	63.1
chr16	22647700	22648916	242.5
chr19	3625991	3626562	108.6
chr4	22274370	22274725	36.8
chr14	5206610	5206912	77.3
chr4	6645456	6645884	128
chr9	2076985	2082595	119.8
chr18	11991409	11997652	116.3
chr19	7430702	7431708	226.1
chr5	3517372	3518458	256
chr13	27281960	27282743	140.2
chr7	23850797	23851464	96.9
chr17	10994945	10995729	220.1
chr8	13909540	13911109	349
chr12	4436252	4436478	30.3
chr18	3320972	3327663	47.9
chr5	2741566	2742041	131
chr11	19241116	19241379	61
chr8	10703476	10703879	99.5
chr4	23568156	23568518	64.3
chr13	4879351	4879717	64.6
chr12	8944343	8944900	146.1
chr14	29943916	29944264	92.5
chr18	7221605	7248988	126.5
chr15	16976563	16978479	410.1
chr13	26524055	26554024	236.5
chr7	25333406	25334950	75.6
chr3	3752568	3753274	108.1
chr15	16468805	16469137	64.9
chr17	6311940	6312327	53.5
chr14	19651387	19652886	109.6
chr18	34384629	34397205	97.4
chr13	13643105	13643612	62.5
chr5	25222685	25223652	43.6
chr11	715814	716202	81.8
chr6	15680847	15681534	139.9
chr13	26792999	26795812	420.6
chr8	14512063	14512596	72.5
chr18	30771877	30773592	149.5
chr16	20168299	20168787	75.2
chr9	11515590	11516776	238.3
chr19	3619449	3620017	120.4
chr9	4430887	4431323	107.2
chr4	3793010	3794928	221.3
chr18	1698679	1699070	113.9
chr8	19892557	19893430	83.33
chr18	9885078	9885456	76.9
chr7	20736093	20736456	66.6
chr7	23845910	23846358	82.4
chr19	5890422	5890957	85.34
chr6	5422648	5423304	126.4
chr19	3777928	3778516	141.3
chr14	23224177	23228733	206.8
chr17	10291152	10291704	124.2
chr5	8653208	8653876	190.5
chr13	8967613	8968311	100.8
chr2	5352608	5353001	106.7
chr17	8592137	8592560	102.1
chr9	14045438	14053577	448.6
chr8	11211100	11211809	115.8
chr11	7496245	7497255	82.6
chr11	18506178	18506687	105.8
chr18	30818668	30820835	109.2
chr18	10877105	10877537	84
chr12	5974818	5975256	107.5
chr9	11446095	11447370	47.9
chr6	5615879	5616286	97.7
chr18	28678251	28678507	48.4
chr13	4100497	4100817	67.9
chr9	14659166	14659511	66.7
chr15	13876948	13877305	95.6
chr14	29751714	29752647	185.17
chr3	18324873	18325632	132.8
chr11	669593	670080	122.9
chr14	11376213	11376999	119.8
chr12	9588096	9588729	110.3
chr6	18145531	18145861	62.2
chr5	2208836	2209170	51
chr5	3706945	3707308	47.71
chr15	18468555	18471057	114.6
chr15	2011912	2012841	73.7
chr7	21788199	21788571	59.8
chr1	3983386	3983999	124.8
chr8	20558212	20559192	110.3
chr15	17150178	17150660	78
chr5	222343	222894	108.9
chr1	6006905	6007179	40.2
chr7	20925388	20925834	107.7
chr16	17796895	17800576	75.32
chr2	3124272	3124620	62.6
chr13	27793478	27795933	179.2
chr6	8858204	8865082	163.92
chr6	8858204	8865082	168.4
chr13	4902260	4903064	182.6
chr6	17907857	17908187	46.6
chr19	3100305	3100569	35.5
chr9	26369	26873	179.34
chr18	6271909	6274925	159.7
chr5	23991980	23992266	53.2
chr18	31251088	31251504	70.2
chr8	20025749	20029287	74.9
chrUkn	16831234	16831876	145.7
chr18	2803609	2804763	70.5
chr14	22333949	22334304	89.7
chr14	357765	358391	93.3
chr9	5682340	5685504	249.7
chr19	7443576	7444622	198
chr14	22703029	22718383	82.7
chr6	18253525	18270528	81.2
chr14	21805939	21806322	75.5
chr13	14888873	14894178	107
chr7	813852	814651	97
chr9	11277387	11279196	173.3
chr14	24623410	24623672	36.5
chrUkn	19836966	19837467	95.07
chr4	7563143	7578491	96.8
chr9	387653	388035	123.7
chr18	6680956	6681490	111.7
chr14	5202840	5204345	36.28
chr7	26768600	26770108	218.8
chr12	20264739	20292539	182.6
chr16	22808051	22808691	157.9
chr3	4033565	4035438	223.39
chr3	5133364	5133652	42.5
chr2	3124678	3125105	90.2
chr3	18786992	18787859	122.2
chr14	29994541	29995228	81.5
chr8	18772979	18773877	192.4
chr4	3385079	3385840	85.8
chr18	31547993	31548266	54.7
chr8	18709224	18713768	179
chr11	10039751	10040434	105.4
chr18	7559620	7566095	125.7
chr14	25554192	25554883	178.7
chr1	7413889	7414612	176
chr4	19985342	19986558	289.5
chr8	11419785	11420627	162.5
chr18	10801453	10801756	64.2
chr7	14876085	14885039	177.6
chr8	19078895	19079322	98.2
chr7	1543567	1545225	170.1
chr18	3588030	3588921	183.8
chr9	14044650	14045219	92.5
chr7	20912375	20913726	253.4
chr7	20912375	20913726	289.5
chr5	1354258	1354752	102.1
chr14	8700908	8701172	47.6
chr19	19382967	19383226	36.3
chr16	22857638	22857875	55.8
chr15	17673184	17673689	93.3
chr1	5284829	5285218	90.2
chr14	6223999	6224264	80
chr17	7839710	7840226	65.2
chr9	13661499	13662200	141.8
chr19	20325884	20327826	270.2
chr5	8719461	8720097	93.3
chr13	27453751	27454565	162.02
chr4	3856371	3857167	134.2
chr5	3607202	3608173	235.9
chr17	530430	531181	161.4
chr14	5193406	5193816	51.1
chr7	26386841	26387262	79.2
chr5	15179733	15180561	122.21
chr9	16377333	16380146	97.4
chr1	3339533	3339882	78.7
chr10	8912754	8913303	79.9
chr6	18143619	18144124	109.1
chr19	8685566	8686199	139.08
chr8	12956453	12957716	225.5
chr13	23005834	23007955	212.2
chr8	12075532	12102900	233.9
chr8	12075073	12102540	207.1
chr9	12804408	12804877	112.1
chr5	19226306	19226584	43.9
chr18	33636015	33636275	49.4
chr8	1242050	1242389	61.4
chr10	5347791	5348238	78.95
chr14	3655807	3656483	102.5
chr18	12258948	12259189	38.8
chr2	7306784	7307034	35.6
chr16	4997745	4998032	16.5
chr6	6216344	6216641	53.8
chr3	10138374	10177556	125.7
chr10	10310934	10311722	151.8
chr12	1954026	1955129	185
chr1	4430268	4436071	149.4
chr1	20897240	20897519	47.1
chr8	2483968	2484495	77.6
chr5	4505206	4505800	158
chr18	4209157	4211318	463.3
chr18	235547	246223	166.7
chr13	27248949	27255099	285.1
chr6	2026097	2026630	73
chr1	6737224	6737789	152.7
chr17	2064750	2065303	129.3
chr14	29293757	29294040	36.5
chr8	18995417	18996210	128.9
chr4	14122064	14122354	66.7
chr13	12061135	12061488	56.4
chr13	12061832	12062302	122.5
chr13	28027916	28028364	90.4
chr5	18379125	18383530	116.8
chr5	7792074	7792583	133.6
chr6	15255462	15256325	174.22
chr4	6637688	6637935	39.1
chr18	14230845	14232602	156.6
chr5	2859522	2860356	219.3
chr7	17313140	17314160	198.14
chr13	25596006	25614239	302.4
chr18	33569310	33569648	76.1
chr6	4000408	4000941	103.7
chr13	4243813	4244428	162.6
chr14	8501682	8502236	111.4
chr12	424022	424571	105.2
chr5	2539803	2540872	182.3
chr5	10736164	10736471	55
chr16	136448	137146	118.4
chr7	17840001	17842648	214.4
chr4	79414	81044	286.7
chr17	7365328	7366607	87
chr13	6993495	6994088	154.7
chr18	4068081	4071937	316.7
chr17	7398111	7398839	150.1
chr7	13773340	13775260	93.8
chr12	5370544	5370880	46.5
chr8	22223651	22225329	32.2
chr6	1413358	1414341	212.4
chr6	1413358	1414874	206
chr1	4830269	4841333	171.8
chr4	4514394	4515537	262.7
chr17	8029932	8030159	55.9
chr8	13420171	13421664	128.9
chr6	3769841	3770114	48.5
chr15	13354477	13355107	114.2
chr9	1354975	1355743	55.2
chr17	3938412	3939433	142
chr13	4928771	4929038	56.2
chr12	1728040	1730976	199.9
chr12	6527773	6528338	116.8
chr3	20374347	20374728	132.5
chrUkn	3531262	3531852	151.8
chr5	20887194	20887846	49.4
chr15	15021057	15021558	125.6
chr13	21272022	21272765	156.1
chr8	8768026	8768866	152.2
chr2	48772	49197	87.5
chr14	17859026	17859942	249.1
chr11	10753679	10754299	163.2
chr12	21839313	21839789	144
chr9	5234717	5235011	46.9
chr1	22257408	22258094	143
chr11	4980414	4981248	32.6
chr8	22353211	22353489	69.2
chr4	21103150	21103558	74.5
chr4	24521279	24521979	87.9
chr5	15033890	15034369	75.7
chr5	7139592	7140059	114.71
chr9	2076939	2077877	83.8
chr5	5514210	5514502	48.4
chr17	2495008	2495971	265
chr13	2658029	2658656	132.2
chr18	10650699	10652205	134.2
chr6	22148535	22149377	225.1
chr7	6401154	6402251	68.7
chr5	23040278	23040742	106.1
chr13	2900908	2901349	104.8
chr19	16201608	16201803	33.6
chr4	2582424	2583088	72.4
chr7	26809486	26809821	49.2
chr6	2810710	2811096	74.3
chr6	7348341	7348716	80.9
chr7	3494640	3495250	105.6
chr6	1878451	1878939	113.4
chr19	6479803	6480160	88
chr18	23406356	23407884	183.7
chr6	6463435	6464829	56.7
chr15	16132721	16133160	111.7
chr18	1248069	1248497	72.9
chr6	7689659	7690189	84
chr8	15365918	15367583	408.4
chr2	5814797	5815028	46.2
chr9	8759651	8760251	207.7
chr18	22018496	22019287	125.7
chr2	2703595	2705347	369.11
chr1	1561033	1561469	84.9
chr6	777313	779852	96.1
chr18	3798888	3803209	58.48
chr6	6952641	6953041	63.1
chr13	3735873	3736145	39.1
chr13	17311620	17312376	147.7
chr19	2721229	2721865	116
chr15	16944045	16944572	122.6
chr1	20689152	20689980	167.6
chr9	19874331	19875123	166.6
chr8	8230952	8231477	73.17
chr16	19595575	19596376	101.5
chr15	20129502	20131709	199.1
chr12	19086819	19088165	93.6
chr14	25063278	25063719	81.6
chr3	1018990	1019471	77.3
chr4	18642762	18645496	510.81
chr4	18597468	18599238	342.5
chr17	1472030	1474547	482.3
chr19	15402984	15403669	153.1
chr18	27934176	27934937	91.1
chr13	28341038	28342169	74.2
chr7	428626	429624	199.2
chr7	428626	429624	177.6
chr19	3135876	3137257	194.6
chr18	25377551	25392998	138.6
chr14	12369610	12370563	155.6
chr15	3214372	3216910	334.9
chrUkn	1141501	1142749	221.1
chr15	3094250	3095116	166.15
chr9	2869713	2871541	38.8
chr17	18398808	18401606	507.2
chr14	15490398	15492290	168.1
chr12	17570816	17576771	54.7
chr13	25314315	25319560	373.74
chr13	25317325	25319560	329.44
chr5	16317046	16319319	80.7
chr15	16877240	16878289	178.6
chr15	13376251	13377845	185.1
chr13	25631750	25633712	298.3
chr13	25350841	25354636	281.3
chr13	25352209	25354636	257.4
chr13	25848241	25874458	121.6
chr13	25628732	25633856	367.2
chr16	2506470	2510998	137.2
chr9	13398618	13399461	154.1
chr9	14306600	14308256	339.5
chr2	4194462	4201481	54.8
chr9	14657562	14658120	76.8
chr4	20076076	20077442	271
chr14	3427	3801	125
chr13	3116039	3116499	69.1
chr7	20177631	20185832	65.6
chr17	15104951	15105721	161.6
chr17	15105467	15111492	231.8
chr18	15546761	15549905	139.3
chr18	15546923	15550204	112.4
chr12	760271	760642	74.8
chr1	22396449	22397220	153.22
chr13	26514505	26515210	122.9
chr14	12901480	12901875	87.6
chr10	7294060	7294920	168.5
chrUkn	9838658	9840954	375
chr10	10390759	10391158	76.9
